1 2 3 4 5
2 3 4 5 12 13 15 25 26 37 38 51 55 56 57 58 62 82 86 87 89 95 96 97 98 99 103 104 108 110 112 113 114 115 117 118 121 130 131 132 134 135 138 140 144 146 147 148 150 152 154 159 166 179 182 183 184 185 190 192 193 194 195 198 199 200 201 202 203 205 206 207 233 235 237 238 243 244 245 246 249 251 253 258 264 267 268 269 270 275 278 279 287 288 298 301 302 311 312 315 327 328 341 344 349 356 369 370 386 393 397 398 399 400 401 402 404 411 412 416 428 429 435
3 4 5
4 5 12 13 15 26 37 38 51 57 58 72 82 86 87 97 108 109 115 118 120 121 130 131 140 154 166 184 185 264 267 278 298 306 348 349
5 7 9 12 13 15 38 47 49 51 55 56 57 58 59 60 65 79 80 82 85 86 87 89 97 98 99 103 104 105 106 107 108 109 111 112 113 114 117 120 123 125 131 132 133 135 136 138 140 148 153 160 164 179 183 184 189 190 193 203 208 209 210 243 247 250 251 252 253 254 268 269 270 275 283 284 285 286 290 301 304 305 309 311 312 315 324 325 327 328 329 341 344 348 356 390 391 392 397 398 399 400 401 402 404 434
12 7 9 11 13 14 15 18 21 24 26 29 32 33 34 35 37 38 40 42 44 56 60 65 78 82 83 84 85 86 87 88 89 90 94 97 327 328 337 343 344 345 371 372 378 407 417 419 420 421 445 446 448 449 450
13 11 14 15 18 21 24 29 32 33 34 35 38 40 42 44 60 78 82 84 86 87 88 89 90 94 344 345 371 372 378 407 417
15 7 8 9 10 16 17 19 20 22 23 25 27 28 30 31 36 37 38 39 41 42 43 47 48 49 50 51 52 54 55 56 57 58 59 60 64 65 66 69 71 72 73 74 76 77 78 79 80 81 82 86 87 88 89 90 91 92 94 97 103 104 105 107 108 109 110 114 119 120 121 122 123 124 125 126 128 129 130 131 134 135 136 138 139 140 141 143 144 145 146 147 149 150 151 153 154 155 156 157 158 159 162 163 166 173 174 175 176 177 178 179 180 183 186 187 188 189 190 191 192 193 196 197 201 202 203 204 210 211 226 235 239 240 245 246 247 248 250 251 252 259 267 271 273 276 277 283 284 285 286 287 290 293 300 302 309 310 312 318 319 320 323 324 325 329 330 331 332 333 334 335 338 339 346 347 348 349 350 356 359 360 361 362 363 364 365 366 367 368 370 371 372 373 378 379 380 387 389 390 391 392 394 400 401 402 403 409 414 415 423 424 425 426 427 430 431 432 433 436 437 438 439 440 441 442 443 444 447 448 449 452 453
25 14 16 19 22 26 27 28 29 30 31 32 33 34 35 36 38 56 65 72 76 77 144 299 327 337 338 412 418 419 446 447
26 27 28 37 38 56 60 419 420 421
37 7 8 9 38
38 51 57 66 82 86 99 100 101 102 109 112 115 116 130 131 144 148 154 159 161 164 165 166 167 170 171 172 179 184 185 195 202 210 235 246 273 274 275 296 307 308 323 324 349 351 352 356 394 395 396 401 412 416 439
51 7 9 47 49 50 52 53 55 56 57 58 59 61 63 64 70 74 75 87 89 97 112 113 114 117 123 125 130 131 141 142 148 154 160 161 166 169 183 190 268 269 270 275 311 313 314 315 318 323 349 371 375 376 400 401 402 410 439 440
55 45 53 54 56 57 58 60 75 78 89 93 97 104 138 142 160 161 170 186 187 190 191 211 212 213 251 297 342 353 371 407 408 410
56 7 9 27 36 45 47 49 52 54 57 58 60 63 66 67 70 83 92 93 97 98 99 104 123 141 162 163 168 172 173 183 233 266 277 307 327 342 343 344 371 374 375 377 381 397 398 405 406 407 408 421 436 437 444 445 450
57 7 9 52 58 97 130 131 148 154 160 161 166 183 275 349 400 401 402
58 7 9 47 49 52 54 60 72 82 97 105 108 114 119 120 130 131 134 136 139 141 148 154 160 161 183 186 187 188 189 190 191 192 193 196 197 201 202 203 204 267 275 313 314 316 317 332 333 336 368 436 437 444
62 7 9 47 49 61 97 279 300 301
82 7 9 47 49 81 86 87 119 190 191 368 370 417
86 65 85 87 97 120 131 154 219 226 227 228 229 230 231 348 394
87 65 85 97 120 131 153 318 323 348
89 7 9 52 88 90 97 104 131
95 47 49 94 96 97
96 97 98
97 98 99 103 104 108 110 112 113 114 117 131 132 134 135 138 144 146 147 148 150 152 154 182 183 190 192 193 194 195 198 199 200 201 202 203 205 206 207 233 235 237 238 243 244 245 246 249 251 253 258 264 267 268 269 270 275 278 279 287 288 298 301 302 306 311 312 315 327 328 341 344 369 370 386 393 397 398 399 400 401 402 404 411 412 416 428 429 435
98 99
99 100 101 294 295
103 66 104 259 422 451
104 341 344
108 105 106 109 110 111 180 331
110 105 107 109 210 264 329
112 113 115 116
113 47 49 114 139 202 244
114 47 49 60 117 138 139 268 316 317 331 356 396 402 403 404 413
115 116 118
117
118 325 326
121
130 131
131 52 72 120 132 183 184 185 309 348 398 399
132 47 49 133
134 7 9 47 49 54 133 135
135 136
138 60 66 78 81 136 137 139 142 259 311 312 401 404 414 415
140
144 7 9 27 47 49 143 145 146 148 182 296 299 352 391
146 145 426 427
147 148 149 150 151 182 214 215
148 195 214 215 275 296 351 352
150 149 151 152 201
152
154 47 49 120 153 166 210 349
159 155 158 416
166 109 161 167 210 264 307 308 395 396 401
179 174 175 176 177 178 180 181 356
182 192 352 391
183 123 184 309
184 123 185
185 72 122
190 54 60 187 191 311 332 417
192 193
193 106 189 233
194 195
195 352
198 199 200
199
200
201 202
202 139 203 244 245 246
203 189 204 209
205 206 207
206
207
233 215 232 234 235 307
235 149 151 227 232 234 245 273 274 275 279 280 281 285 387 441 442
237 238 244
238
243 209 244 434 435
244 139
245 149 151 246 387 441 442
246
249 47 49 248 253
251 250 252 253 254 300
253 254
258 66 259 260 393
264 164 263 265 266
267 164 250 263 265 278 298 368
268 269 396 402 403 404
269 270
270
275 164 273 274
278 47 49 276 283 302 306
279 7 9 164 273 285 297
287 288 302 350
288 164 273 289
298 164 299 303
301 7 9 164 304 305
302 350
311 312
312 211 259 330 359
315 47 49 125
327 27 36 328
328
341 340 344
344 7 9 345 450
349 7 9 120 452 453
356 331 413
369 370
370 368
386 151 387 388 389 416
393
397 398 400
398 399
399 72 396
400 402
401 404
402 404
404
411 412
412
416
428 429 435
429
435
72 27 65 69 71 88 122 348 396
109 106 111
120 7 9 47 49 348 403
306
348
7 6 8 9 10 11 17 18 20 21 23 24 39 40 41 42 43 44 46 48 52 61 64 65 70 73 74 78 81 88 92 125 126 127 133 164 168 250 255 261 262 271 273 290 297 299 308 310 339 345 373 374 377 379 408 409 449 450
9 6 8 10 11 17 18 20 21 23 24 39 40 41 42 43 44 46 48 52 61 64 65 70 73 74 78 81 88 92 125 126 127 133 164 168 250 255 261 262 271 273 290 297 299 308 310 339 345 373 374 377 379 408 409 449 450
47 46 48 49 52 61 64 65 66 81 92 94 125 126 127 133 173 174 175 176 177 178 189 241 242 248 266 276 277 291 292 299 319 321 322 408 409 418 421 434 438 443
49 46 48 52 61 64 65 66 81 92 94 125 126 127 133 173 174 175 176 177 178 189 241 242 248 266 276 277 291 292 299 319 321 322 408 409 418 421 434 438 443
59 52 60 61
60 139 142 163 164 165 191 297 331 332 417 421
65 27 64 78 85 92
79 80
80
85 83 84 340
105 106 107
106 107 189
107
111 210 329
123 52 122 124 125 381
125 52 126
133
136 54 81
153
160 161 168 170 254
164 163 165 250 263 265 273 289 299 303 304 305
189 188 209 443
208 209 210
209 210 434
210 329
247 248 252
250 252 261 263 265
252
254
283 284
284
285 273 286
286
290 66 78 259 390
304 305
305
309 310
324 323 325
325 326
329
390
391 352 392
392
434 438
6 8
8
10 11 30
11 14
17 16 18
18 35
20 19 21
21 33
23 22 24
24 34
39 31 40
40 32
41 36 42
42 94
43 28 44
44 29
46 45 48
48 50
52 50 53 61 63 64 70 74 75 83 92 93 141 142 169 255 256 257 371 375 376 410
61
64 63
70 66 67 168 169
73 74 77
74 75
78 66 75 88 92 142 259
81 137 262
88
92 91
126 127
127 355
168
255 256 257 261
261
262
271 272 273
273 274 280 281 289
297 142
299 27
308 307 310
310
339 338 345
345
373 372 374
374 375
377 375 379
379 380
408 409
409 371
449 448 450
450
30 27 29
14 27 31
29 27
32 19 27
33 22 27
34 16 27
35 27 36
83 84 93
84 337 343 407 445 446
90 91
94
337 27 338 343
343 93 342
371 93 142 372 378 410 445
372
378 380
407 93
417 191
419 27 418 420
420
421 418
445 93 446
446 27 447
448 447
27 16 19 22 28 31 36 76 77 338 418 447
31
16
19
22
28
36
50 53
54 45 332
66 67 68 128 129 165 173 174 175 176 177 178 259 260 414 415 422 439
69 68 71
71
76 77
77
91
119
122 124
124
128 129
129
139 316 317
141 142 444
143 145
145
149 151
151 191 387 388 389
155 156 157 158
156 157
157
158
162 163 167
163 165
173 172 174
174 175 180
175 176 180
176 177 180
177 178 180
178 180 181
180 181 331
186 187
187 191
188
191 387 389
196 197
197
204
211 212 213 359
226 219 227 228 229 230 231 293
239 240
240 241
248
259 260 330 414 415 422
276 277
277 266
293 291
300
318 319 320
319 320 321
320
323
330
331 332 413
332
333 334 336
334 335
335
338
346 347
347
350
359 357
360 361 362
361 362
362
363 364 365 366 367
364 365
365
366 367
367
368
380
387 388 389
389 388
394
403 396
414 415
415
423 424 425 426
424 425 426 427
425 426 427
426 427
427
430 431 432
431 432 433
432 433
433
436 437 438
437
438
439 165 440
440
441 442
442
443 444
444
447
452 453
453
418
100 101
101
102
116
161 167
165
167
170 171 172
171 172
172
274
296
307
351 352
352
395 396
396
45
241 242
242
266 265
291 292
292
321 322
322
53 142 342
63
75
142 342 410
169
313 314
314
375 376
376
410
93 342
256 257
257
342
212 213 353
213 353
353
67 68
381 382 383 384
405 406
406
316 317
317
336
68
260
422
137
340
219 214 220 221 231
227 228 232 234
228 229
229 230
230 231
231
294 295
295
451
413
326
355 354
214 215 216 217 218 220 221 222 223 224 225 236
215 232 234
388
263 265
265
289
303
181
216 217 218 236
217 218 225 236
218
220 221 222 223 224 225
221 222
222 223
223 224
224 225
225 236
236
232 234
234
280 281
281 282
272
282
354
357 358
358
382 383 384 385
383 384 385
384 385
385
