99 98 5 48 47 46 45 44 982 911 807 737 577 495 483 466 465 462 358 324 316 237 1775 1707 168 156 1388 122
98 59 58 148 141 140 139 138 137 136 135 134 133 132 131 130 129 128 127 126 125 124 123 122 121 120 119 118 117 116 115 114 113 112 111 110 109 108 107 106 105 104 103 102 101 100
5 179 957 911 910 884 883 594 593 4 3 512 1 502 466 465 44 329 327 325 324 256 247 246 245 244 237 193 178 177 176 168 149 1392 1391 137 1059
48 179 982 981 933 920 912 883 882 879 833 832 806 805 803 802 761 742 733 72 68 67 665 664 656 636 62 61 59 593 568 566 565 564 515 511 510 509 508 507 506 505 504 47 46 45 44 43 3 26 474 466 465 418 392 391 390 383 379 331 323 322 321 320 314 295 261 260 251 244 217 204 203 197 178 177 176 174 173 172 170 168 150 1450 1449 1448 1447 1446 1445 144 1444 1443 1442 1441 1430 1429 1286 125 1236 1213 1200 1139 1138 1016 1015
47 982 981 954 932 920 912 897 896 883 882 879 833 832 800 761 756 742 733 731 730 72 68 67 665 664 656 636 630 62 61 59 593 588 568 567 566 565 515 511 510 509 508 507 498 491 9 46 45 474 44 43 466 465 462 418 392 391 390 383 379 377 357 331 295 276 275 274 273 265 264 261 260 247 246 245 244 217 204 203 201 1707 170 168 150 1450 1449 1448 1447 1446 1445 144 1444 1443 1442 1441 1440 1439 1438 1437 1436 1435 1434 1433 1432 1431 1430 1429 142 1286 1282 1255 125 1236 122 1213 1200 1139 1138 1102 1016 1015
46 790 789 788 982 981 954 932 920 912 888 883 882 879 833 832 800 761 742 733 72 68 67 665 664 656 636 62 61 59 593 588 568 567 566 565 520 519 518 515 511 510 509 508 507 498 491 474 9 466 465 45 44 43 26 462 10 418 392 391 390 383 379 377 360 359 357 349 348 347 346 331 295 276 275 274 273 265 264 263 262 261 260 251 244 217 204 203 201 170 168 150 1451 1450 1449 1448 1447 1446 1445 144 1444 1443 1442 1441 1440 1439 1438 1437 1436 1435 1434 1433 1432 1431 1430 1429 142 137 134 133 132 131 130 129 1286 128 127 126 1255 125 1236 122 1213 1200 1113 1112 1102 1016 1015
45 982 981 954 932 920 912 905 883 882 879 875 866 841 840 833 832 801 800 761 751 742 733 72 68 67 665 664 656 636 635 634 633 632 631 62 61 59 594 593 588 568 566 565 520 519 518 515 511 510 509 508 507 498 491 488 474 466 465 464 462 9 457 44 43 418 392 391 390 383 379 377 357 335 331 295 276 275 274 273 261 260 251 249 248 244 238 237 234 233 217 204 203 201 1812 170 168 1606 1605 1597 152 150 1470 1450 1449 1448 1447 1446 1445 144 1444 1443 1442 1441 1440 1439 1438 1437 1436 1435 1434 1433 1432 1431 1430 1429 142 1292 1286 1255 125 1236 1229 122 1224 1213 1200 1102 1083 1077 1066 1016 1015
44 296 982 981 954 932 920 912 911 905 883 882 879 864 841 840 835 833 832 801 800 773 761 751 742 72 714 68 67 665 664 656 645 643 639 636 62 61 59 593 588 568 567 566 565 562 561 560 559 551 521 520 519 518 515 512 511 510 509 508 507 50 503 502 501 500 499 498 49 491 488 484 474 466 465 464 460 9 8 43 2 418 383 379 358 357 331 324 295 260 245 244 238 237 236 235 234 233 217 204 203 201 193 1831 1769 176 1761 1724 170 168 166 1647 1608 1606 156 150 1479 1470 145 1450 1449 1448 1447 1446 1445 1444 144 1443 1442 1441 1440 1439 1438 1437 1436 1435 1434 1433 1432 1431 1430 1429 142 138 1313 1286 126 1255 125 1243 1236 122 1213 1200 118 1183 117 1102 1100 109 104 1043 1042 1041 1016 1015 101 100
982 296 983 251 981 892 891 77 76 606 454 278 255 254 253 252 156 137 124 123 1382 1381
911 179 245 244 193 3 178 177 176 888 466 465 237 168 137 957 923 910 884 883 512 502 4 329 327 325 324 256 1392 1391 1388 1386
807 260 177 176 237 741 70 460 738 743 742 740 739 737 72 567 387
737 260 177 176 237 741 70 460 738 743 742 740 739 72 567 387
577 300 299 298 297 140 582 581 557 554 54 53 439 438 375 356 238 237 211 168 102 603 479 606 255 254 253 252 137 521 607 579 608 586 494 493 491 587 552 110 117 8 250 575 574 573 572 259 258 580 515 727 160 335 152 492 498 593 379 118 605 585 138 464 594 495 508 507 497 496 610 609 588 604 602 601 600 599 598 597 596 595 592 591 590 589 584 583 578 571 544 355
495 260 245 244 193 726 54 53 439 438 375 356 349 347 238 237 211 168 102 651 59 58 77 76 728 649 565 494 493 491 624 623 725 158 636 390 731 730 509 727 729 511 510 681 492 498 247 733 392 391 195 734 631 724 157 736 735 732 508 507 497 496 483 313 246
483 296 177 466 465 356 349 348 347 346 238 237 168 10 651 111 485 255 254 253 252 137 521 26 2 175 512 649 494 493 491 725 276 275 274 273 158 515 509 502 160 484 511 510 89 681 492 498 247 195 506 505 504 314 162 161 487 157 464 488 508 507 497 496 520 519 518 650 490 517 516 514 513 503 501 500 499 489 486 313 246 115 1931 1930 1616 1321 1320 1074 1015
466 798 245 244 193 988 582 581 559 557 973 883 800 777 774 765 761 727 711 677 651 649 618 617 593 562 560 552 512 505 502 488 9 8 72 70 58 465 463 460 378 356 349 313 238 237 2 195 187 168 167 158 143 125 122 118 117 109 108 107 104 103 1328 1327 1326 1325 1324 1323 1236 1092 1067
465 798 245 244 193 988 582 581 559 557 973 883 800 777 774 765 761 727 677 651 649 618 617 562 560 552 512 505 502 488 9 72 70 58 463 460 356 238 237 2 195 187 168 167 158 143 125 122 118 117 109 108 107 104 103 1328 1327 1326 1325 1324 1323 1236 1092 1067
462 460 498 866 457 1606 1605 1597 1116 1083
358 23 244 756 376 237 168 149 10 111 137 26 9 579 552 644 276 275 274 273 931 890 889 779 749 727 588 502 351 345 161 160 1590 1480 1331 1091
324 245 244 193 888 237 168 76 137 333 94 93 92 91 957 512 4 329 327 325 910 884 883 882 755 754 502 403 402 318 256 1457 1456 1455 1392 1391 1388 1342 1059
316 356 238 237 102 10 607 458 261 624 623 934 741 833 780 751 622 522 511 510 509 441 437 62 315 167 166 165 164 163 119 118 117 101 100 1700 1581 1383 1290 1116 1085 1081 1040
237 25 136 380 373 23 245 244 3 178 177 176 988 888 835 726 582 581 559 557 554 439 438 377 376 375 356 349 348 347 346 251 238 973 955 942 941 940 930 929 928 927 909 908 907 903 890 889 876 864 841 839 838 837 836 801 777 776 773 763 762 761 753 750 741 740 739 738 731 730 728 727 725 681 675 674 655 654 652 651 649 648 644 639 624 623 621 617 614 613 603 580 565 563 562 560 556 552 551 528 527 511 510 509 508 507 498 497 496 494 493 492 491 490 484 464 463 460 459 458 441 412 389 388 387 379 371 336 335 323 322 321 320 313 276 275 274 273 243 241 240 239 9 8 77 76 71 70 62 61 58 57 56 55 52 26 234 232 211 2 197 195 191 187 168 166 165 164 163 161 160 158 157 152 137 119 118 117 115 110 109 108 107 103 10 1858 1855 1805 1773 1727 1711 1683 1682 1649 1648 1647 1608 1607 1606 1590 1569 1564 1549 1548 1540 1531 1479 1475 1470 1466 1465 1464 1425 1386 1351 1350 1327 1325 1324 1323 1318 1316 1315 1314 1299 1278 1253 1247 1201 1195 1183 1182 1181 1173 1143 1142 1141 1139 1137 1133 1132 1117 1116 1106 1101 1100 1094 1091 1086 1083 1080 1040 1039 1027 1026 1025 1023 1021 1014
1775 1774
1707 484 1709 1708
168 25 260 385 384 383 331 245 244 3 178 177 988 726 581 559 439 438 377 356 348 347 346 211 973 942 931 930 929 927 908 907 884 883 832 831 806 804 803 779 768 763 762 727 725 711 656 654 650 649 636 625 621 618 617 614 594 593 568 567 562 525 515 512 508 507 506 505 502 501 496 494 493 492 488 484 479 459 458 387 374 352 351 314 313 295 242 241 240 195 187 1730 9 72 70 62 55 26 2 167 166 164 163 162 161 160 158 154 143 122 118 111 1616 1609 1596 1550 1519 1431 1417 1406 1400 1348 1326 1325 1316 1291 1286 1255 1250 1236 1210 1133 1116 1102 1085 1067 1023 1015 1014
156 169 559 334 77 76 912 844 831 535 1627 7 66 65 154 153 1560 1378 1330 1210
1388 244 9 4 70 460 1377
122 179 3 178 177 176 888 349 348 347 346 10 460 920 912 800 418 314 247 246 162 1450 1440 1431 1394 1393 1243 1236 62 121
59 179 260 140 3 178 177 176 888 104 977 942 761 743 64 636 63 607 606 58 51 523 521 508 507 498 497 496 494 493 492 491 276 275 274 273 1628 150 148 139 137 125 1235 118 117 109 108 107 103 1018 1015
58 25 179 260 136 140 245 244 193 3 178 177 176 888 559 128 127 126 104 977 942 903 879 876 863 776 761 743 56 55 51 26 539 538 537 536 523 517 508 507 498 497 496 494 493 492 491 484 460 456 379 374 278 276 275 274 273 255 254 253 252 1843 1702 1628 1591 157 150 139 137 125 124 123 1235 120 118 117 110 109 108 1084 107 106 103 1022 1018 1015
148 140 149 104 137 139 125 109 108 107 103 152 153 150 151 138
141 169 251 108 458
140 169 179 788 991 990 797 975 948 912 804 796 748 727 711 665 607 519 518 489 488 418 291 278 277 268 250 245 244 2405 226 222 199 198 193 1851 1840 178 177 176 175 1747 1745 1722 1547 1506 150 149 1460 94 3 26 124 123 1339 1193 1099
139 354 104 977 150 125 109 108 107 103
138 726 8 118 761 1102
137 25 87 467 296 169 354 179 384 373 331 23 188 244 193 3 178 177 176 888 726 557 438 356 349 251 238 149 10 651 479 281 892 891 606 255 254 253 973 957 932 920 831 828 825 824 823 819 780 769 766 763 751 734 709 681 679 673 658 657 654 649 602 593 563 546 545 535 521 515 493 491 460 404 403 402 395 390 381 378 371 325 313 290 277 257 256 247 246 239 190 189 1713 171 161 160 1598 158 1575 1574 1573 1572 1564 153 151 1467 1441 1429 1392 94 9 72 70 64 63 135 119 117 109 107 1366 1365 1313 1234 1225 1203 1103 1102 1066 1047 1034 1033 1032 1031 1015 1014
136 993 956 932 806 803 751 727 681 654 649 642 602 579 479 460 458 384 378 374 356 346 275 234 203 193 176 165 1384 9 52 23 2 135 118 117 107 104 10 1067
135 77 76 909 920 846 602 601 600 599 598 597 596 595 592 591 590 1830 1663 1225 1224 1176 1175 1047
134 385 384 383 380 373 23 203 3 377 376 375 356 130 129 128 127 126 102 9 145 378 351 143 379 352 382 381 131 372 133 132 1177
133 385 384 383 380 373 23 203 3 377 376 375 356 130 129 128 127 126 9 374 145 378 351 143 379 352 382 381 131 372 132 1177
132 385 384 383 380 373 23 203 3 377 376 375 356 130 129 128 127 126 102 9 374 145 378 351 143 379 352 382 381 131 372
131 385 384 383 380 373 23 203 3 377 376 375 356 130 129 128 127 126 9 2 374 145 378 492 351 143 379 352 313 382 381 372 1177
130 385 384 383 380 373 23 203 3 988 726 377 376 375 356 931 492 382 381 379 378 374 372 352 351 313 145 143 9 2 129 128 127 126 102 1177
129 385 384 383 380 373 23 203 3 988 726 377 376 375 356 931 727 492 382 381 379 378 374 372 352 351 313 145 143 9 2 128 127 126 102 1177
128 385 384 383 380 373 23 203 3 177 988 726 377 376 375 356 347 931 727 492 458 437 382 381 379 378 374 372 352 351 313 145 143 9 2 127 126 103 102 1201 1177
127 385 384 383 380 373 23 203 3 177 988 726 377 376 375 356 347 931 727 492 458 437 382 381 379 378 374 372 352 351 313 145 143 9 2 126 103 102 1201 1177
126 385 384 383 380 373 23 203 3 177 988 726 559 377 376 375 356 347 931 727 675 492 458 437 382 381 379 378 374 372 352 351 313 145 143 9 2 103 102 1201 1200 1177
125 104 977 150 109 108 107 103
124 296 169 420 331 23 221 397 375 251 149 606 454 278 975 973 751 711 701 700 699 698 697 696 695 694 693 692 691 690 689 688 687 686 685 684 683 682 677 669 542 541 540 539 538 537 536 523 496 477 476 474 456 453 415 378 303 279 1376 1375 1374 1372 1371 1370 1361 1254 92 85 82 8 63 40 30 123 118 1238 1118 1073 1014
123 296 169 420 331 23 221 397 375 149 606 454 278 975 973 778 751 711 701 700 699 698 697 696 695 694 693 692 691 690 689 688 687 686 685 684 683 682 677 669 608 542 541 540 539 538 537 536 523 496 477 476 474 456 453 415 378 303 279 1376 1375 1374 1373 1372 1371 1370 1361 1254 92 85 82 1238 8 63 40 30 118 1118 1073 1014
121 179 3 178 177 176 349 348 347 346 10 579 727 62 314 800 617 488 1777 1569 1440 1431 1394 1393 1236 1141 1092
120 649 681 488
119 3 178 177 581 557 356 238 103 2 458 904 158 8 509 841 773 749 681 652 561 551 511 510 233 157 1479 1348 1313 1312 1250 1110 1039
118 87 359 23 178 176 559 557 356 238 111 26 103 579 649 562 70 242 117 187 145 144 85 767 764 629 502 763 160 762 484 52 330 80 89 78 88 652 257 247 83 81 79 86 866 457 779 766 765 761 749 740 643 561 535 503 501 500 499 371 246 233 1776 1717 1716 167 163 161 1608 1606 1605 1597 153 1327 1325 1314 1312 1292 82 56 101 100 1083 1014
117 87 359 23 178 176 559 557 238 111 26 103 579 649 562 70 933 242 767 766 765 764 763 762 761 749 740 652 643 635 634 633 632 631 629 561 503 502 501 500 499 484 330 257 233 187 1776 1717 167 163 1608 1457 1456 145 1451 144 1327 1325 1314 1312 1292 89 88 86 85 83 82 81 80 79 78 56 52 101 100 1014
116
115 238 651 649 725 158 681 195 157 313 1783 1301 1157
114 211 10 644 351 352 57 69 1491 1465 1406 1253 113 112 1132 1086 1026 1022
113 211 10 644 351 352 57 69 1491 1465 1406 1253 1132 112 1086 1026 1022
112 211 644 351 352 57 69 1491 1465 1406 1253 1132 1086 1026 1022
111 42 296 986 888 835 559 554 349 348 347 346 102 651 912 833 832 801 775 774 773 751 728 725 681 674 649 624 623 561 552 551 521 509 503 502 501 500 499 490 484 371 344 323 322 321 320 313 295 261 255 254 253 252 197 195 170 1618 158 157 1309 1146 61 1072 1038
110 373 582 581 557 238 102 104 109 108 107 103 458 243 649 374 938 930 929 928 927 855 763 749 727 711 681 654 611 528 525 523 510 509 378 240 239 1780 1719 1674 1673 1664 158 1566 1549 1542 1540 1519 1412 1143 1142 1140 52 106 1086 1014 1004
109 582 581 557 238 102 104 977 890 889 777 776 775 774 773 551 484 357 152 150 108 107 106 103
108 582 581 557 356 238 104 977 26 777 776 775 774 773 551 484 1570 150 107 106 103
107 582 581 557 238 104 485 977 777 776 775 774 773 551 484 357 150 106 103
106 102 104 103 777 776 490
105 356 102
104 986 582 581 557 349 348 347 346 102 10 977 934 777 776 775 774 773 551 511 510 509 490 485 484 1581 150 103 1040
103 582 581 557 356 349 348 347 346 238 10 977 26 777 776 775 774 773 580 563 562 551 484 150
102 42 373 331 23 988 582 559 554 377 348 347 346 238 973 941 936 934 931 930 929 927 906 903 868 779 776 775 774 751 750 741 727 708 675 649 644 622 621 618 617 615 579 563 551 523 511 510 498 497 496 494 493 492 491 460 458 418 378 357 352 351 243 187 1535 1534 1533 1532 1531 1501 1465 1389 1342 1324 1313 1311 1247 1177 1142 1117 1116 1091 1086 1083 1064 1040 2 1014 1004
101 458 460 655 614 613 490 615 1608 1479 100
100 458 460 655 614 613 615 1608 1479
999 550 549 42 25 1932 1000
550 741 740 549 54 53 443 3 178 177 176 1249 1248 1247 1173 1110 1109 1108 1107 1106 1021 1020 1000
549 42 25 1932 1000
42 624 623 622 552 41 25 2421 1311 1000
25 903 888 867 724 719 718 717 716 715 701 699 555 54 53 349 348 347 346 270 22 10 238 1702 1027 1006 1005 1004 1003 1002 1001 1000
1932 1000
1000
741 782 54 53 238 934 753 740 739 738 655 594 593 443 388 387 1763 1581 1531 1316 1141 1133 1132 1117 1110 1109 1108 1107 1040 1025 1020
740 3 178 177 176 782 54 53 439 438 375 238 211 624 623 529 738 655 614 593 768 753 739 613 594 488 443 388 387 1531 1316 1141 1133 1132 1117 1110 1109 1108 1107 1025 1020
54 380 988 782 726 554 942 941 940 938 876 868 773 749 727 652 644 622 56 55 553 552 551 53 52 51 2 493 484 458 443 442 441 387 377 376 239 1319 1318 1317 1316 1315 1314 1313 1312 1311 1310 1309 1308 1302 1299 1253 1201 1177 1110 1109 1108 1107 1094 1072 1003 1002 1001
53 380 988 782 726 554 942 941 940 938 876 868 773 749 727 652 644 622 56 55 553 552 551 8 52 51 2 493 484 458 443 442 441 439 438 387 377 376 375 239 211 1319 1318 1317 1316 1315 1314 1313 1312 1311 1310 1309 1308 1302 1299 1253 1201 1177 1110 1109 1108 1107 1094 1072 1003 1002 1001
443 436 1249 1248 1247 1173 1110 1109 1108 1107 1106 1045 1044 1021 1020
3 296 179 386 260 193 989 988 973 965 957 9 92 91 89 8 782 726 725 711 681 656 651 650 649 642 62 621 610 609 594 593 588 582 578 568 564 506 504 494 458 439 438 4 378 375 356 347 336 335 327 325 323 2 318 313 1 277 255 254 253 252 238 211 195 181 178 177 176 17 16 1612 158 157 154 15 152 149 143 1403 1402 1400 1399 1398 1396 1395 1394 1393 1392 1391 1381 1359 1324 1236 1216 1116 1093 1065 1039 1015 1012
178 296 179 386 260 193 989 988 973 965 957 909 888 827 782 761 726 725 711 681 656 651 650 649 642 621 610 609 594 593 588 582 578 568 564 521 506 504 494 460 458 439 438 379 378 375 356 347 327 325 323 313 277 238 211 195 181 92 91 9 89 8 62 4 2 177 176 17 16 158 157 154 15 149 143 1403 1402 1400 1399 1398 1396 1395 1394 1393 1392 1391 1381 1359 1324 1236 1216 1147 1116 1065 1039 1015
177 296 179 386 260 193 989 988 973 965 957 888 782 770 769 726 725 711 710 709 681 656 651 650 649 642 621 610 609 594 593 588 582 568 564 521 506 504 494 460 458 439 438 378 375 356 347 327 325 323 313 277 276 275 274 273 255 254 253 252 238 211 195 194 181 92 91 9 89 8 62 4 26 2 176 17 161 160 16 158 157 154 15 149 143 1483 1482 1403 1402 1400 1399 1398 1396 1395 1394 1393 1392 1391 1381 1359 1324 1236 1216 1116 1065 1039 1015
176 296 179 386 260 983 193 989 988 973 965 957 897 896 782 761 726 725 711 681 656 651 650 649 642 635 634 633 632 631 621 610 609 594 593 588 582 580 578 568 564 558 506 504 494 458 439 438 378 375 356 347 327 325 323 318 313 277 255 254 253 252 238 211 195 181 92 91 9 89 8 62 4 26 2 17 16 158 157 154 15 149 143 1650 1506 1470 1457 1456 1403 1402 1400 1399 1398 1396 1395 1394 1393 1392 1391 1381 1367 1359 1324 1236 1216 1116 1100 1065 1039 1015
1249 1020 1248 1110 1109 1108 1107
1248 1020 1110 1109 1108 1107
1247 238 1733 1726 1110 1109 1108 1107 1021 1020
1173 756 238 276 275 274 273 52 249 248 1020 1110 1109 1108 1107 1174 1106
1110 1021 1020 1109 1108 1107 1106
1109 1021 1020 1108 1107 1106
1108 1021 1020 1107 1106
1107 1021 1020 1106
1106 238 276 275 274 273 52 1020 1113 1112 1111
1021 238 1726 1490 1020 1019
1020 349 348 347 346 10 351 352 1490 1019
624 726 554 356 238 211 942 623 621 618 617 587 552 460 195 157 1183 1182 1092 1081
623 726 554 356 238 211 942 773 621 618 617 587 552 195 157 1280 1183 1182 1092 1081
622 617 618 1742 1549 1540 1474 1226 1091 1014
552 296 420 419 245 244 193 795 794 793 792 791 783 782 349 348 347 346 238 149 10 479 255 254 253 252 2 327 494 493 942 587 780 773 727 580 551 535 503 502 501 500 499 498 484 460 277 250 247 246 187 153 1594 1593 1592 1591 1590 1589 1565 1546 1519 1516 1461 1451 1215 1152 1058
41
2421
1311 554 868
903 238 730 515 509 841 751 906 511 510 1773 1536
888 169 260 385 384 373 23 988 932 909 9 804 763 751 738 681 655 652 649 644 625 614 559 515 498 493 491 479 460 4 356 351 295 257 247 2 190 159 158 143 1667 1647 1550 1532 1392 1377 1327 1253 1133 1132 1116
867 555 1006
724 255 254 253 252 494 493 491 492 498 768 508 507 497 496 1303
719 23 26 27 953 723 722 721 720 718 717 716 715 701 700 699 698 415 31 303 30 29 28 279 270 24 22 1875 1874 1873 1341 1212
718 23 26 27 953 723 722 721 720 717 716 715 701 700 699 698 415 31 303 30 29 279 270 24 22 1875 1874 1873 1341 1212
717 23 26 27 953 723 722 721 720 716 715 701 700 699 698 575 574 573 572 415 31 303 30 29 279 270 259 258 24 22 1875 1874 1873 1341 1212 1068
716 23 26 27 15 953 723 722 721 720 715 701 700 699 698 415 31 303 30 29 28 279 270 24 22 1875 1874 1873 1341 1212 1068
715 23 26 27 15 953 723 722 721 720 701 700 699 698 415 31 303 30 29 28 279 270 24 22 1875 1874 1873 1341 1212 1068
701 278 26 27 15 953 723 722 721 720 700 699 698 542 541 540 539 538 537 536 456 415 31 303 30 29 28 279 270 24 22 1875 1874 1873 1341 1212
699 23 278 26 27 953 723 722 721 720 700 698 542 541 540 539 538 537 536 456 415 31 303 30 29 28 279 270 24 22 1875 1874 1873 1721 1720 1341 1212 1068
555 484 773 551 1006
349 23 244 988 726 554 973 931 925 800 776 711 644 636 579 508 507 498 497 496 494 493 492 491 459 458 444 441 387 352 351 8 71 70 69 57 348 347 346 345 242 238 158 10 1092 1091 1090 1089 1088 1087 1086 1085 1084 1083 1082 1081 1080 1079 1078 1064 1046 1010 1004
348 23 244 988 726 554 973 931 925 800 776 749 711 644 579 498 494 459 458 444 441 437 387 352 351 8 71 70 69 57 347 346 345 242 238 158 10 1092 1091 1087 1086 1085 1084 1083 1082 1081 1080 1079 1078 1064 1046 1010 1004
347 179 23 245 244 988 726 554 973 931 928 927 925 800 776 749 731 730 711 644 579 508 507 498 497 496 494 493 492 491 488 459 458 444 441 387 352 351 8 71 70 69 57 346 345 242 238 191 158 10 1771 1711 1558 1092 1091 1087 1086 1085 1084 1083 1082 1081 1080 1079 1078 1064 1046 1043 1042 1041 1010 1004
346 23 244 988 726 356 973 928 925 800 776 749 711 644 643 579 498 494 459 441 352 351 8 71 70 69 57 345 238 236 234 233 158 10 1440 1092 1091 1087 1086 1085 1084 1083 1081 1080 1064 1046 1004
270 23 26 64 63 27 953 723 722 721 720 700 698 415 31 303 279 30 29 24 22 1875 1874 1873 1341 1212 1068
22 23 26 27 953 723 722 721 720 700 698 415 31 303 279 30 29 28 24 1875 1874 1873 1341 1212
10 23 244 988 726 238 973 928 925 800 776 749 711 71 70 69 644 579 57 498 459 441 352 351 345 158 1558 1092 1091 1087 1086 1081 1080 1064 1046 1 1004
238 380 373 23 245 244 193 988 835 726 582 581 559 557 554 439 438 377 376 375 356 973 942 941 940 930 929 928 927 909 908 907 890 889 841 839 838 837 836 779 777 776 773 763 762 751 750 739 738 727 725 681 675 655 654 652 651 649 644 621 617 614 613 604 587 578 563 562 551 535 521 520 519 518 508 507 498 497 496 494 493 492 491 490 485 484 464 460 459 458 441 389 388 387 313 255 254 253 252 250 243 242 241 240 239 9 8 71 70 57 56 55 52 234 232 211 2 195 187 165 164 163 161 160 158 157 153 149 1650 1649 1648 1647 1608 1607 1606 1591 1590 1569 1549 1540 1531 1479 1475 1465 1464 1351 1350 1327 1325 1324 1323 1318 1316 1315 1314 1299 1278 1263 1261 1253 1201 1183 1181 1169 1143 1142 1141 1133 1132 1117 1116 1101 1094 1091 1086 1083 1080 1040 1039 1027 1026 1025 1023 1014
1702 460 1027
1027 750
1006
1005
1004
1003 782 726 439 438 375 211 8 52 1002 1406 1023 1001
1002 782 726 52 1490 1019 1406 1023 1001
1001 782 726 52 1406 1023
998 997 996 87 467 305 300 299 298 297 296 169 1662 1401 1171 1050
997 996 87 467 305 300 299 298 297 296 169 1401 1171 1050
996 354 179
87 89 88 85 83 81 79 78 64 38 37 36 35 34 33 854 853 852 851 850 849 848 847 828 827 817 761 694 693 692 691 684 669 661 660 659 650 649 642 629 606 538 537 536 477 476 472 470 469 467 447 445 435 434 422 411 410 371 363 343 305 301 296 295 230 1756 1751 1750 1749 1748 169 1694 1693 1692 1691 1689 1688 1681 1662 1611 1551 1544 1504 1321 1266 1264 1260 1233 1202 1171 1169 1168 1147 1097 1074 1050 1015
467 945 854 853 852 851 850 849 848 847 828 827 817 694 693 692 691 684 669 650 649 606 538 537 536 472 471 470 469 85 83 81 79 64 435 434 411 410 38 37 366 365 363 36 35 34 33 305 301 295 169 1854 1751 1694 1693 1611 1551 1504 1321 1266 1264 1260 1171 1169 1168 1097 1074 1050 1015
305 471 470 469 468 79 64 63 296 169 1171 1050
300 991 857 856 850 787 710 668 642 542 541 507 491 475 333 330 93 85 63 52 37 299 298 297 185 145 1988 1172 1171 1170 1169 1168 1167 1166 1050
299 991 856 850 710 668 642 542 541 507 491 475 333 330 93 85 63 52 37 298 297 185 145 1988 1172 1171 1170 1169 1168 1167 1166 1050
298 991 857 856 850 710 668 642 542 541 507 491 475 333 330 93 85 63 52 37 297 185 145 1988 1583 1172 1171 1170 1169 1168 1167 1166 1050
297 991 856 850 710 642 542 541 507 491 475 333 330 93 85 63 52 37 185 145 1988 1551 1270 1171 1170 1169 1168 1167 1166 1050
296 993 975 956 881 844 833 831 763 711 707 706 705 704 703 702 651 621 607 536 447 439 438 420 419 386 378 375 356 313 81 8 64 63 295 278 230 229 211 200 199 198 195 181 179 170 169 1688 1639 1554 1553 1552 1551 1473 1384 1305 1171 1160 1050
169 971 910 890 889 881 854 853 852 851 850 849 848 847 835 828 827 817 788 757 694 693 692 691 686 684 669 650 649 642 629 607 603 594 593 539 538 537 536 535 489 477 476 472 471 470 469 456 447 435 434 417 411 410 371 363 359 354 344 343 333 323 301 295 278 268 257 250 230 224 209 201 198 188 186 182 1751 1750 1749 1748 1747 1746 1745 1744 1699 89 88 85 83 81 79 7 64 1694 38 37 36 35 34 33 1693 27 1692 154 153 152 1691 11 1689 1688 1681 1662 1612 1610 1551 1544 1504 1460 1372 1339 1321 1266 1264 1260 1257 1233 1202 1187 1171 1169 1168 1150 1148 1147 1097 1074 1058 1050 1015
1662 411 410 2292 1826 1686
1401 354 179 370 1171
1171 1050
1050
354 644 368 345 301 255 254 253 252 151 149 1383
179 989 965 957 897 896 710 656 650 649 642 610 609 606 594 593 578 568 564 506 504 494 386 378 327 325 323 313 277 260 257 195 193 181 92 91 9 89 4 2 17 16 158 154 15 149 143 1403 1402 1400 1399 1398 1397 1396 1395 1394 1393 1392 1391 1381 1359 1303 1236 1225 1216 1123 1099 1066 1065 1015 1012
89 543 251 651 892 891 606 649 725 158 78 761 681 650 535 313 195 1931 1930 1616 157 1539 153 1321 1320 1074 1015
88 293 292 78 761 535 371 153
85 796 438 281 278 255 254 253 252 64 63 333 649 930 79 78 825 819 761 542 541 540 539 538 537 536 471 468 456 452 408 395 345 306 301 1575 1574 1573 1572 1571 1365 1262 1199 1191 1169 1115 1075
83 78 761 2222
81 607 78 761 371 2241 1147 1145
79 64 63 303 295 171 80 78 761 472 471 470 469 468 311 310 309 308 307 306 304 302 301 294 1515 1514 1374
78 80 86 84 82 761
64 260 291 68 67 251 281 454 97 96 65 66 80 772 72 71 70 69 63 21 19 544 472 471 470 469 468 453 311 310 309 308 307 306 304 303 302 301 295 294 290 289 288 287 286 285 284 283 282 280 279 276 275 274 273 272 271 269 268 267 266 265 264 263 262 261 259 258 257 256 196 171 1510 1509 147 146 1409 1062
38 477 476 473 472 37 36 35 34 33 32
37 477 476 473 472 39 36 35 34 33 32
36 477 474 476 475 473 472 39 35 34 33 32
35 606 477 474 669 476 475 473 472 40 39 34 33 32
34 474 669 476 475 473 472 39 33 32
33 477 474 669 476 475 473 472 39 32
854 158 853 852 851 850 849 848 847 828
853 158 852 851 850 849 848 847 828
852 158 851 850 849 848 847 828 472
851 158 850 849 848 847 828 472 371
850 251 158 849 848 847 828 472
849 158 848 847 828 472 371
848 158 847 828 472 371
847 158 828 472 1397
828 255 254 253 252 27 333 4 325 846 845 844 831 827 734 605 472 471 371 326 301 277 249 248 225 224 210 196
827 831 830 829
817 472 816 1692 1691 1689 1122
761 359 23 579 562 70 145 767 764 629 502 763 762 484 52 330 80 257 86 371 82 766 768 765 411 410
694 278 815 814 813 812 811 810 809 808 696 695 693 692 691 690 687 539 538 537 536 456 1978 1977 1976 1975 1130 1129 1128 1127
693 278 815 814 813 812 811 810 809 808 696 695 692 691 690 687 539 538 537 536 456 1978 1977 1976 1975 1130 1129 1128 1127
692 606 278 815 814 813 812 811 810 809 808 696 695 691 690 687 539 538 537 536 456 1978 1977 1976 1975 1130 1129 1128 1127
691 278 605 815 814 813 812 811 810 809 808 696 695 690 687 686 539 538 537 536 456 1978 1977 1976 1975 1130 1129 1128 1127
684 278 82 456 539 538 537 536 683 682 1921 1920 1919
669 278 95 94 93 92 91 900 668 667 537 536 472 471 446 39 1238 1073
661 428 427 426 660 659 445 435 434 433 432 431 430 429 425 424 423 422 1120
660 449 447 230 446 448 428 427 426 659 445 435 434 433 432 431 430 429 425 424 423 422 226 1120
659 449 447 230 446 428 427 426 445 435 434 433 432 431 430 429 425 424 423 422 226 1120
650 245 244 193 651 649 725 158 515 502 160 681 658 195 161 157 514 513 503 501 500 499 313 1931 1930 1616 1321 1320 1074 1015
649 543 245 244 356 603 651 281 892 891 2 333 579 261 955 728 787 750 729 725 681 639 635 634 633 632 631 570 567 565 535 508 507 506 505 504 503 502 501 500 499 498 497 496 494 493 492 491 490 489 488 484 464 314 313 195 171 170 161 160 158 157 153 11 1931 1930 1616 1539 1538 1537 1536 1419 1321 1320 1282 1265 1074 1016 1015
642 420 419 23 983 795 794 793 792 791 656 646 641 562 506 471 371 343 342 341 340 339 338 337 26 1113 1112 1100
629 360 359 912 748 824 668 667 666 80 628 475 474 446 418 1489 1488 1487 1486 1485 1470 1126
606 331 188 900 881 94 80 539 538 537 536 491 477 476 475 473 472 470 468 456 39 330 301 294 278 253 1345 1320 1266 1260 1168 1036
538 221 397 375 454 278 700 698 415 303 279 477 542 541 82 453 696 695 690 687 540 456 30 539 697 689 688 686 685 683 682 537 536 523 476 40
537 221 397 375 454 278 607 92 700 698 415 303 279 477 542 541 82 453 696 695 690 687 540 456 30 539 697 689 688 686 685 683 682 536 523 476 40 1703 1168
536 420 221 397 375 454 278 92 700 698 415 303 279 477 542 541 82 453 696 695 690 687 540 456 30 539 697 689 688 686 685 683 682 523 476 40 1792 1791 1376 1375 1374 1254 1238 1118 1073
477 278 945 542 541 540 539 476 456 40 39
476 278 542 541 540 456 539 40 39
472 295 816 470 469 1694 1693 1692 1691 1689 1611 1266 1122 1097 1074
470 63 303 460 605 301 686 469 468 306 304 302
469 63 303 471 301 468 311 310 309 308 307 306 304 302
447 251 198 975 885 648 445 230 199 1199 1198 1197 1195
445 449 230 446 448 428 427 426 435 434 433 432 431 430 429 425 424 423 422 226 1120
435 434 422 1120
434 301 422 1120
422 428 427 426 433 432 431 430 429 425 424 423 1120
411 494 371 410 408 1826 1661 1660 1659 1156
410 494 371 408 1826 1661 1659 1156
371 420 293 251 26 548 546 460 711 833 515 295 256 247 831 734 658 535 508 370 364 153 1779 1778 1760 1748 1681 1632 1598 1506 1343 1159 1071 1058
363 796 291 153 368 345 1193 1168 1103
343 251 895 612 342 341 340 339 338 337 318 1941 1940 1939
301 63 468 2029 2028
295 835 63 261 728 912 833 509 832 567 468 344 61 170 1147 1146 1038
230 251 198 97 96 65 66 975 885 648 226 199 1199 1198 1197 1196 1195 1056
1756 1147
1751 2420
1750 1749 1544 1233 1202
1749 1544 1233 1202
1748 1681
1694 1611 1097
1693
1692 2326 1691 1689
1691 2326 1689
1689 2326
1688 65 66 171 170 11
1681
1611 27 82 1098 1097
1551
1544 1233 1202
1504 2221 2220 1256 1164
1321 543 651 725 158 681 195 157 313 1931 1930 1616 1320 1074 1015
1266 474 668 446 822 821 820 667 475 2123 2122 2121 2120 1557 1268 1267 1254 1251 1238 1037 1036 1017
1264 252
1260 255 254 253 252 668 1513 1486 1271 1167 1151
1233 1202
1202
1169 23 826 1841
1168 1703
1147 474
1097 27 82 1098
1074 543 651 725 158 681 153 535 195 471 157 313 1931 1930 1616 1320 1015
1015 651 512 725 158 681 890 889 247 834 195 157 313 514 513 246 1931 1930 1616 1320 1539
945 334 943 570 1680 1679 1614
471 419 438 253 153 688 584 583 544 523 456 313 302 2054 1075 1073
366 40 486 365 345 1854 1029
365 486 345 1854 1029
1854
468 63 303 171 80 311 310 309 308 307 306 304 302 294
63 293 292 260 291 68 67 251 281 278 97 96 65 66 80 72 71 70 69 21 19 311 310 309 308 307 306 304 303 302 294 290 289 288 287 286 285 284 283 282 280 279 277 276 275 274 273 272 271 269 268 267 266 265 264 263 262 261 259 258 257 256 196 171 147
991 990 797 385 384 383 380 373 362 331 23 221 204 203 188 1974 1973
857 856
856 542 541 1988
787 188 96 65 66 542 541 786 540 456 1223 1222 1209
710 770 769 709
668 255 254 253 252 95 94 93 92 91 474 80 824 822 821 820 667 475 446 2123 2122 2121 2120 1557 1485 1238 1073 1037 1036
542 397 454 278 700 698 415 303 279 697 541 540 539 523 456 453 40 30
541 397 454 278 700 698 415 303 279 697 540 539 523 456 453 40 30
507 260 245 244 193 726 439 438 375 356 211 651 77 76 607 263 261 728 565 494 493 491 725 158 636 390 262 731 730 580 509 727 729 511 510 665 664 335 152 681 492 498 247 733 392 391 277 195 631 157 508 578 516 497 496 313 246 174 173 172 155
491 260 245 244 193 726 439 438 375 356 211 651 892 891 77 76 521 261 955 728 565 494 493 733 731 730 729 727 725 681 636 631 580 578 516 511 510 509 508 498 497 496 492 392 391 390 313 247 246 195 158 157 1211 1113 1112
475 331 188 255 254 253 252 474 446 667 40 1238
333 278 26 9 971 970 845 318 276 275 274 273 257 20 1592 1359 1148
330 790 789 788 360 359 385 384 383 380 373 331 23 204 203 188 897 896 261 460 145 901 900 899 898 895 894 893 844 831 667 446 318
93 331 255 254 253 252 90 75 95 94 92 91 667 666 665 664 663 446 194 1945 1791 1355 1073
52 586 276 275 274 273 750 841 751 902 749 51 523 220 1844 1834 1825 1797 1757 1668 1490 1346 1284 1259 1239 1228 1194 1076 1019
185 27 225 224 210 196 637 228 227 223 205 2136 182 1277 1276 1275 1274 1273 1172
145 359 260 797 373 23 245 244 897 896 261 460 932 900 899 898 895 894 893 890 889 773 675 667 636 575 574 573 572 551 488 484 446 372 318 259 258 1762 1743 1723 1522 1455 142 1441 1200 1184 1145 1113 1112
1988
1172 2136
1170 2381
1167 1014 1271 1270
1166 268
1583
1270 829 1271
993 992 956 420 419 386 293 292 260 1384
975 251 198 278 26 268 199
956 76 608 386 260 1384
881 268 909 171 170 880 707 200 1823 1822 1821 1820 1819 1818 1817 1814 1729 1520 1473 1410 1357 1305 1053
844 331 188 579 515 256 11 593 845 831 658 535 326 277 153 1345 1329 1305
833 251 261 728 586 912 832 61 509 171 170 1146 1077 1038
831 331 188 579 515 256 11 152 593 845 658 535 326 277 153 1755 1397 1345 1329 1305
763 356 607 909 890 889 1639 1590 1316 1014 1013
711 245 244 554 439 438 375 211 149 892 891 278 255 254 253 252 26 458 243 752 930 8 925 770 769 751 742 709 621 578 534 533 464 378 30 1496 1495 1494 1493 1492 1478 1477 1475 1406 1084 1077
707 702 200 1554 1553 1552 1473 1305
706 702 705 704 703 1554 1553 1552
705 702 704 703 1554 1553 1552
704 702 703 1554 1553 1552
703 702 1554 1553 1552
702 662 229 86 1554 1553 1552
651 986 356 251 955 890 889 879 779 728 725 681 639 636 565 535 516 508 506 505 504 503 502 501 500 499 498 497 496 494 493 492 490 464 379 314 313 26 2 195 161 160 158 157 153 1931 1930 1616 1320
621 756 554 439 438 375 211 255 254 253 252 458 263 930 8 925 742 671 617 534 533 464 378 30 262 1857 1849 1842 1836 1796 1539 1496 1495 1476 1475 1406 1271 1091 1084
607 438 375 211 479 977 727
439 988 726 554 930 925 892 891 843 773 749 742 551 534 533 516 508 498 497 496 494 493 492 484 464 458 8 438 436 378 377 376 375 30 276 275 274 273 263 262 26 251 211 2 1796 1795 1794 1793 1712 1651 1539 1478 1477 1475 1406 1312 1244 1084 1077 1045 1044 1023 1022
438 988 726 554 930 925 909 843 779 773 750 749 742 680 635 634 633 632 563 562 551 544 534 533 528 508 498 497 496 494 493 492 484 464 458 8 436 378 377 376 375 361 30 276 275 274 273 263 262 211 2 161 160 149 1796 1795 1794 1793 1712 1674 1673 1651 1566 1539 1478 1477 1476 1475 1412 1406 1312 1084 1045 1044 1023 1022
420 897 890 889 835 797 791 713 662 616 610 609 570 421 419 418 417 344 293 292 288 278 257 250 229 216 181 157 1656 1655 1528 1165 1164 1163 1162 1161 1160 1159 1157 1156 1155 1154 1153 1152 1151 1150 1149 1148 1071 1058
419 897 835 797 791 713 662 616 610 609 570 428 427 426 421 418 417 344 293 292 288 257 250 229 216 181 157 1165 1164 1163 1162 1161 1160 1159 1158 1157 1156 1155 1154 1153 1152 1151 1150 1149 1148 1071 1058
386 260 1384
378 554 375 251 211 892 891 278 458 930 8 925 680 674 639 578 534 533 464 30 1477 1476 1475 1474 1406 1385 1084 1077 1013 1012
375 988 783 782 756 726 554 377 376 942 941 940 930 925 843 773 749 680 551 534 533 508 498 497 496 494 493 492 484 464 458 456 436 8 30 278 26 211 2 1795 1794 1793 1712 1674 1673 1651 1566 1539 1490 1475 1412 1406 1312 1084 1045 1044 1023 1022 1019 1012
356 245 244 988 726 559 377 929 928 927 909 841 840 801 779 773 725 681 675 618 617 613 594 593 587 586 578 563 562 558 551 508 498 497 496 494 493 492 490 484 8 352 345 251 242 241 240 235 233 211 167 166 164 161 160 159 158 157 149 1569 1568 1533 1508 1479 1475 1432 1406 1326 1325 1182 1092 1091 1085 1081 1014
313 543 2 175 494 493 527 526 725 158 509 484 511 510 681 492 614 498 247 153 535 195 506 505 504 314 157 464 613 508 497 496 490 616 615 423 312 246 1931 1930 1616 1320
8 726 554 211 278 2 458 563 562 930 925 864 1 773 770 769 749 709 580 551 534 533 520 519 518 488 484 464 30 250 1656 1655 1654 1653 1652 1651 1528 1476 1475 1406 1312 1100 1084 1077
278 331 23 221 397 149 454 778 751 700 698 697 696 695 690 689 688 687 686 685 683 682 677 540 539 523 496 474 456 453 415 303 279 92 82 40 30 1382 1381 1376 1375 1374 1373 1372 1371 1370 1361 1254 1238 1118 1073 1014
229 797 989 68 67 662 449 397 396 421 97 96 66 65 1806 1554 1553 1552
211 988 726 554 377 376 251 930 925 909 843 773 753 749 729 588 563 562 551 520 519 518 508 498 497 496 494 493 492 484 464 458 436 263 262 97 96 66 65 30 2 1794 1793 1712 1651 1476 1475 1406 1387 1367 1312 1269 1232 1084 1045 1044 1023 1022
200 97 96 65 66 1473 1305
199 251 198 255 97 96 65 66 268 277 226
198 983 251 268 97 96 66 65 175 1506 1213 1103
195 543 2 494 493 725 158 509 841 484 511 510 681 492 498 734 508 506 505 504 497 496 490 464 314 194 157 1931 1930 1616 1538 1482 1320
181 281 644 257 1838 180 1664 1383 1103
170 331 23 188 149 586 190 265 264 910 731 730 509 418 171 616 615 511 510 423 191 174 173 172 6 155 154 11 1400 1214
1639 1013
1554 662 86 1553 1552
1553 662 86 1552
1552 662 86
1473 1305
1384 260 485 608
1305 575 574 573 572 259 258
1160 421 1013
971 26 972 175 1148
910 918 917 916 915 914 913 325 912 727 171 11
890 221 149 479 521 26 579 727 484 681 889 842 1017 1016
889 221 251 149 479 77 76 579 727 484 681 842 1071 1017 1016
835 380 188 988 832 727 677 515 344 277 149 1604 1219
788 994 860 798 790 789 755 754 658 515 404 403 402 385 384 383 373 360 359 331 293 274 273 260 23 204 203 188 1469 1468 1467 1418 1253 1213 1134
757 482 760 403 402 759 758 209 208 1189 1188 1187 1186
686 188 456 539 40
603 559 149 987 277 1014 1013 1012
594 459 727 593 387 1292 1278 1065
593 193 149 459 574 573 572 259 258 727 160 247 887 779 387 246 161 1294 1293 1292 1278 1065
539 221 397 454 700 698 415 303 279 82 453 696 695 690 687 540 456 30 697 689 688 685 683 682 523 40
535 293 260 415 153 683 682 523 1379 1378 1373 1371 1370
489
456 221 397 454 700 698 415 303 279 82 453 696 695 690 687 786 540 697 689 688 685 683 682 523 455 40 30
417 293 292 251 418 80 421 1610
359 994 860 798 790 789 360 912 893 755 754 748 658 515 460 418 404 403 402 385 384 383 380 373 368 362 345 331 274 273 260 23 221 204 203 188 1470 1469 1468 1467 1418 1253 1213 1134
344 293 380 188 727 286 285 284 283 282 1604 1219
323 726 328 96 94 279 725 158 484 895 773 626 322 321 320 319 318 197 1549 1379 1329 1135
268 251 674 448 1761 1257 1243
257 579 460 574 573 572 259 258 845 674 326 277 1592 1565 1293
250 187 927 239 525 498 492 72 1565
224 97 96 65 66 27 225 637 228 227 223 210 205 196 182 1277 1276 1275 1274 1273
209 97 96 65 66 482 760 403 402 759 758 208 184 183 1189 1188 1187 1186
201 97 96 90 65 66 261 390 247 733 392 391 387 389 388 246 217 216 215 1442
188 790 789 360 293 292 990 385 384 383 380 373 331 23 204 203 912 895 824 796 748 683 682 672 667 658 616 515 474 460 446 423 418 414 413 318 291 1974 1973 186 171 11 1713 1701
186 9 187
182 97 96 65 66 27 225 210 196 637 228 227 223 205 184 183 1277 1276 1275 1274 1273
1747 184 183 1722
1746
1745
1744 753 1785 1784 1578
1699
7 1 404 403 402
27 251 97 96 74 73 65 66 723 722 721 720 700 637 431 430 429 415 31 279 228 227 225 223 210 205 196 1453 1452 1334 1277 1276 1275 1274 1273
154 175 158 171 11 160 159 568 167 166 165 164 163 162 656 161 157 174 173 172 1596 155 1469 1400 1399 1359 1286
153 293 292 260 796 291 327 415 575 574 573 572 259 258 515 845 778 683 682 544 523 1379 1378 1373 1371 1370 1269
152 383 203 327 727 11 895 336 335 318 508 498 488 1612 1530 1424 1204 1196 1056
11 331 23 149 190 418 171 1214 6 1
1612 1424
1610 418 80
1460 2201
1372 2232
1339 897 896 665 664 1340
1257 255 254 253 252 845 326
1187 482 760 403 402 208 759 758 355 184 183 1189 1188 1186
1150
1148 77 76 1070
1058 780
644 263 70 932 71 69 643 516 488 262 151 143 1441 1383 1090 1089 1088 1087 1086
368 360 255 254 253 252 263 262 369 353 350 355 370 364 367 345 1912
345 360 362 221 361 263 70 262 351 150 352 357 71 69 369 40 353 350 355 370 364 367 1912
255 221 203 796 977 832 727 682 579 493 256 95 94 254 253 252 239 1262 1261 1259 1258 1256 1255 1254 1253 1252 1251 1250 1017
254 221 203 796 977 832 727 682 579 493 256 95 94 253 252 239 1262 1261 1259 1258 1256 1255 1254 1253 1252 1251 1250 1017
253 221 203 796 977 832 727 682 656 579 493 256 95 94 252 239 1262 1261 1259 1258 1256 1255 1254 1253 1252 1251 1250 1017
252 221 203 796 977 832 727 682 656 579 493 407 256 95 94 239 1263 1262 1261 1259 1258 1256 1255 1254 1253 1252 1251 1250 1017
151 795 794 793 792 791 190 164 1383 1213
149 380 23 203 988 251 912 780 579 515 502 494 492 459 458 390 289 288 287 286 285 284 283 282 277 1848 1796 1781 1738 1736 171 160 1565 1564 1556 1540 2 1383 1213
1383 795 794 793 792 791 1216
989 797 68 67 662 449 397 396 1806
965 68 67 918 917 916 915 914 913 17 16 15 1972 1386 1224 1139 1138
957 512 4 329 327 325 1392 1391
897 193 974 9 896 1340 1338
896 193 974 9 1340 1338
656 521 512 160 568 779 161 1596 1469 1400 1399 1359 1286
610 479 727 421 609
609 479 727 421
578 328 95 94 92 508 497 2270 2269 1591 1431 1255 1102 1073
568 521 512 158 159 805 806 803 802 564 506 505 504 314 157 1596 1469 1400 1399 1359 1286
564 512 565 805 567 806 803 802 566 506 505 504 314
506 512 586 565 725 158 681 805 567 806 803 802 566 505 504 314 157
504 512 565 725 158 636 681 805 567 806 803 802 566 505 314 157 1049 1048
494 260 245 244 193 726 251 77 76 261 955 728 565 876 733 731 730 729 727 725 681 636 635 634 633 632 631 580 516 511 510 509 508 498 497 496 493 492 392 391 390 247 246 158 157
327 4 329 336 335 325 318 256 1392 1391 1100
325 76 909 512 4 329 923 845 326 318 256 247 246 1781 1762 1743 1455 1392 1391 1377 1184 1137 1104
277 796 291 479 263 4 515 1565 1564
260 790 789 360 976 804 797 796 755 754 743 742 731 730 627 626 625 608 567 521 508 498 497 496 493 492 437 380 373 291 263 262 77 76 68 67 245 244 23 193 167 166 165 164 163 150 2363 1765 1764 1763 1762 1743 1643 1638 1637 1591 1559 1550 1541 1455 1282 1216 1192 1184 1144 1139 1138 1137 1093
193 990 385 983 245 244 973 930 927 841 730 654 652 617 579 562 559 508 498 497 496 493 492 281 276 275 274 273 247 239 9 70 62 61 2 189 161 1711 1591 1516 1461 1424 1423 1422 1421 1366 1326 1325 1324 1323 1218 1216 1215 1213 1067
92 331 90 75 95 94 91 895 667 666 663 446 318 194 1945 1355 1073
91 331 90 75 95 94 895 667 666 663 446 318 194 1945 1355 1092 1073
9 245 244 26 974 973 2 1 588 580 579 520 519 518 511 510 509 460 379 1847 1846 175 173 172 1548 143 1324 1323
4 76 512 923 845 753 1 329 326 318 1732 1565 1564 1392 1391
2 245 244 783 782 65 66 974 973 866 773 742 725 71 70 69 681 645 558 556 551 520 519 518 490 488 484 459 458 457 374 1 1606 1605 1597 158 157 1545 1502 1430 1413 1324 1323 1174 1083
17 68 67 75 65 66 918 917 916 915 914 913 1972 16 15 12 1386 1224
16 68 67 75 65 66 918 917 916 915 914 913 1972 1672 1671 15 14 13 12 1386 1224 1139 1138
158 543 251 281 521 26 493 932 725 681 517 516 511 510 509 508 505 503 502 501 500 499 498 497 496 492 490 488 484 464 322 321 320 314 197 1931 1930 1616 157 1538 1469 1399 1320 1286 1049 1048
15 68 67 75 26 65 66 918 917 916 915 914 913 1972 1672 1671 14 13 12 1386 1224 1139 1138
143 263 276 275 274 273 262 742 372 1833 1481 142 1360
1403 1402
1402
1400 521 171 1596 1469 1399 1359 1286
1399 521 909 159 157 1596 1469 1359 1286
1398
1397 1790
1396 726
1395
1394 1236 1393
1393 1236
1392 909 512 329 1391
1391 512 329 256 753 1564 1386
1381 458
1359 983 521 175 1596 1469 1555 1358 1286
1303 1586 1250
1236 920 62 314 1431
1225 579
1216 244 1591 1516 1461 1215
1123 570 2090 1125 1124
1099
1066 766 451 1617
1065 479 766 1484
1012
995 543
543 859 858 725 681 523 1322 1320
859 858
858
725 608 493 932 681 508 505 498 497 496 492 490 488 484 464 322 321 320 314 197 157 1931 1930 1616 1539 1537 1320
681 892 891 521 26 493 460 636 515 502 484 680 605 508 505 503 501 500 499 498 497 496 492 490 464 314 157 1931 1930 1616 1320
523 527 526 276 275 274 273 529 532 531 530 540 525 534 533 544 528 524
1322 987 1405
1320 157 1931 1930 1616
884 512 883 882 805
883 512 882 805
512 806 805 803 802 62 61 505 464 388 314 167 162 161 160 1706 1705 1704 1684 1354 1353 1352 1351 1350 1349 1069 1051
1 6
502 579 503 501 500 499 161 160
329 26 895 318
256 23 203 258 727 657 1735 1030 1029
247 245 244 493 239 492 498 508 497 496 246 217 157 1442 1210 1039
246 245 251 493 239 492 498 157 508 497 496 217 1442 1210 1039
245 990 797 385 373 23 973 931 930 927 841 730 727 654 652 627 626 625 617 579 562 559 511 509 508 503 498 497 496 493 492 485 281 276 275 274 273 70 62 61 244 239 161 1711 1591 1590 1516 1461 1424 1423 1422 1421 1366 1326 1325 1324 1323 1215 1213 1136 1091 1067
244 990 385 373 23 973 931 930 927 841 730 727 654 652 627 626 625 617 588 579 562 559 511 509 508 503 498 497 496 493 492 454 453 281 276 275 274 273 70 62 61 239 161 1711 1591 1590 1543 1516 1461 1447 1424 1423 1422 1421 1366 1326 1325 1324 1323 1218 1215 1213 1136 1091 1067
1059 1060 1062 1061 1063
994 992 860 798 790 789 360 1468
992
860 862 861 798 790 789 360 1468
798 790 789 635 634 633 632 631 460 360 167 166 165 164 163 1468 1067
790 789 755 754 658 515 404 403 402 385 384 383 373 360 331 274 273 23 204 203 1469 1468 1467 1418 1253 1213 1134
789 755 754 658 515 404 403 402 385 384 383 373 360 331 274 273 23 204 203 1469 1468 1467 1418 1253 1213 1134
360 755 754 658 515 385 384 383 380 373 331 274 273 26 23 204 203 1470 1469 1468 1467 1418 1253 1213 1134
1468 909
862 861
861
981 983 521
933 242
920 383 265 264 767 764 390 1235 1234 1047
912 23 756 281 76 767 748 731 730 580 515 509 474 418 1738 1737 1736 1518 1146
882 2002 2001
879 509 511 510 876 379 1621 1465
832 509 511 510 834
806 565 805 567 803 802 62 566 505 314
805 565 636 803 802 567 566 505 314
803 565 567 802 566 505 314 1386
802 565 567 566 505 314
742 144 484 627
733 261 493 390 492 498 875 508 497 496 392 391 1812 1229
72 68 67 251 70 71 69 21
68 797 97 96 864 755 754 70 67 66 65 21 662 449 361 267 1280 1279 1278 1139 1138
67 797 97 96 864 823 755 754 70 66 65 21 662 449 267 1280 1279 1278 1035 1034 1033 1032 1031
665 65 95 94 460 575 574 573 572 259 258 895 664 219 157 1667 1340 1306 1250 1073 1024
664 65 579 95 94 460 575 574 573 572 259 258 895 219 157 1667 1340 1306 1250 1073 1024
636 380 23 263 261 493 529 928 919 774 630 525 511 510 509 508 501 498 497 496 492 332 266 262 1622 1621 1620 1586 1519 1237
62 579 654 187 241 240 239 61 60 490 2257 1323
61 654 241 239 60 2257
566 383 331 203 376 509 511 510 505 314 2107 2106 2105 2104 2103 2102 1789 1613 1547 1429 1312 1177
565 955 728 586 511 510 509 508 505 498 497 496 493 492 314 276 275 274 273 161 160 2261
515 385 383 373 331 23 204 203 261 562 730 747 658 657 484 474 418 166 165 164 163 1609 1584 1467 1347 1146 1057 1018
511 458 243 493 563 460 509 727 775 739 510 508 498 497 496 492 1590 1448 1446 1443 1419 1314 1250 1221 1144 1136 1116 1039 1023 1016
510 458 243 493 563 460 509 727 775 739 588 508 498 497 496 492 1590 1464 1448 1446 1443 1419 1314 1250 1221 1144 1136 1116 1039 1023 1016
509 458 243 586 493 527 526 563 460 775 739 727 508 498 497 496 492 161 160 1590 1464 1448 1446 1443 1419 1314 1250 1221 1144 1136 1116 1039 1023 1016
508 726 77 76 261 728 493 390 731 730 580 727 729 335 492 498 392 391 631 157 520 519 518 497 496
505 567 314 162 157
43 374 50 49
26 23 977 976 974 973 972 970 969 968 967 845 842 774 765 734 720 66 65 627 579 546 488 458 352 279 20 180
474 383 331 23 203 730 747 667 658 602 601 600 599 598 597 596 595 592 591 590 80 446 418 40 1738 1238 1146 1057 1018
418 23 76 521 767 748 779 171 161 160 1377 1146
392 261 493 390 492 498 875 497 496 391 217 1812 1229
391 261 493 265 264 390 492 498 875 497 496 217 1812 1229
390 261 493 875 498 497 496 492 217 1812 1229 1047
383 990 797 385 384 731 730 667 567 446 380 376 373 336 335 331 276 275 274 273 265 264 23 204 203 191 1974 1973 1789 1711 1613 1547 1429 1312 1177 1077
379 579 727 876 444 1621 1465
331 990 385 384 380 373 895 892 891 824 796 731 730 667 567 521 446 376 95 94 318 291 251 23 204 203 191 171 1974 1973 1789 1713 1711 1701 1613 1547 1470 1451 1429 1377 1312 1177 1073
322 726 328 96 94 279 484 895 773 626 321 320 319 318 197 1549 1379 1329 1135
321 726 328 96 94 279 484 895 773 626 320 319 318 197 1549 1379 1329 1135
320 726 328 96 94 279 484 895 773 626 319 318 197 1549 1379 1329 1135
314 529 567 312 157
261 77 76 579 959 875 753 658 657 498 497 496 493 492 382 56 217 187 157 1812 1762 1743 1455 1450 1250 1229 1184 1135 1092 1077
251 293 292 380 796 291 988 559 930 780 676 654 612 576 575 562 451 432 416 370 339 338 337 294 290 259 239 228 227 210 196 166 164 157 1803 1802 1734 1661 1576 1567 1489 1472 1471 1382 1370 1337 1336 1335 1193 1077 1070 1052 1013
217 376 97 96 90 65 66 387 389 388 216 215 1442
204 990 797 385 384 380 373 23 796 795 794 793 792 791 521 460 291 97 96 66 65 203 1974 1973
203 990 797 385 384 380 373 362 23 221 983 909 796 795 794 793 792 791 731 730 667 567 521 446 408 376 336 335 291 276 275 274 273 263 262 97 96 66 65 191 1974 1973 1789 1711 1613 1547 1451 1429 1312 1282 1177 1077 1030 1029
197 726 328 97 96 65 66 94 279 484 895 319 318 773 626 1549 1379 1329 1135
174 479 2128 2127 2126 173 172 155 1329
173 479 265 264 2128 2127 2126 172 155 1329
172 479 2128 2127 2126 155 1329
150 361 263 262 804 743 627 617 1628 1443 1139 1138 1070 1016
1450
1449 1474
1448
1447 1543
1446 2312
1445
144 460 932 372 2277 1833 159 1481 142 1338
1444 1590
1443 932 1441
1442 90 387 389 388 216 215
1441 932 190 2338 1200
1430
1429 376 2107 2106 2105 2104 2103 2102 1789 1613 1547 1312 1177 1077
1286 521 175 159 157 1596 1469 1285
1213 319 846 1591 1516 1461 1215 1103
1200 460 932
1139 793 791 77 76 263 262 352 1138
1138 793 791 263 262
1016 263 276 275 274 273 262 1419
635 579 187 727 332 492 799 634 633 632 631 630
634 579 187 727 332 492 799 633 632 631 630
633 579 187 727 332 492 799 632 631 630
632 579 187 727 332 492 799 631 630
631 579 493 187 727 332 492 498 799 630 497 496
460 796 291 458 579 934 70 932 905 866 841 840 801 768 751 734 630 614 516 503 488 463 461 457 451 219 1852 1829 1740 1682 1632 1621 1606 1605 1597 1581 1535 1508 1470 1435 1418 1414 1293 1255 1235 1227 1102 1083 1040
167 580 484 614 351 159 234 233 617 613 558 551 520 519 518 352 166 165 164 163 1609 1608 1475 1313 1092 1091
166 484 614 351 159 234 233 749 617 613 558 551 520 519 518 352 165 164 163 1609 1608 1475 1313 1094 1092 1091
165 293 292 484 614 351 159 249 248 234 233 749 617 613 558 551 352 164 163 1609 1608 1475 1313 1094 1092 1091
164 484 614 351 159 234 233 749 617 613 558 551 520 519 518 352 163 1609 1608 1475 1313 1094 1092 1091
163 484 614 351 159 234 233 749 617 613 558 551 352 1609 1608 1475 1313 1094 1092 1091
1067
755 373 221 754 525 1480
754 373 221 525
658 657 1467
404 221 401 400 678 406 405 403 402 40 398 1191 1190 1070
403 221 401 400 678 406 405 402 40 398 208 1191 1190 1189 1188 1186 1070
402 362 221 65 66 401 400 678 406 405 40 398 208 1191 1190 1189 1188 1186 1070
385 990 797 384 380 373 276 275 274 273 263 262 23 192 1974 1973
384 990 380 373 23 1974 1973
373 990 380 909 796 773 556 521 458 437 357 291 265 264 263 262 23 1974 1973 1144 1143 1142
274 380 263 374 932 276 275 727 273 262 1424 1423 1422 1421 1420 1419 1418 1253 1134
273 380 263 374 932 276 275 727 517 262 1424 1423 1422 1421 1420 1419 1418 1253 1134
23 990 797 380 97 96 826 804 779 773 747 731 730 722 721 720 667 66 65 567 556 521 458 446 437 357 31 1974 1973 1841 1809 1804 171 1670 161 160 1550 1548 1333 1282 1146 1144 1143 1142 1030 1029
1469 159 157 1596
1467
1418 909 276 275 2235 1632 1253 1134
1253 276 275 2235 1632 1134
1134 263 276 275 262 2235 1632
293 946 796 712 421 292 290 287 228 190 1728 1727 1641 1337 1329 1263 1158 1152 1151 1071
954 586
932 909 242 276 275 190 187 2338 1437 1436
800 801 1440
756 988 942 525 377 157
731 458 493 730 498 497 496 492 191 1711 1584
730 458 263 493 563 562 262 906 498 497 496 492 191 1711 1584
630 332 1622 1586 1237
588 727
567 579 804 743
498 726 281 77 76 521 728 493 580 727 729 335 492 497 496 157 1537
377 988 783 782 726 582 581 559 557 554 674 376 263 262 1451 1326 1325 1312 1177
357 527 773 560 618 617 71 1091
276 380 374 727 275 1424 1423 1422 1421 1420 1419
275 380 374 727 1424 1423 1422 1421 1420 1419
265 263 190 922 921 919 626 625 534 533 267 264 262
264 263 190 922 921 919 626 625 534 533 267 262
1440 801
1439
1438
1437 1436
1436
1435 1431 1255 1102
1434
1433 1831 1769
1432 1568 1533 1508 1292
1431 1255 1102
142 372 1833 1481
1282 1281 1149
1255 1102
1102 892 891 604 1100
520 726 558 519 518
519 726 558 518
518 726 558
263 362 221 795 794 793 792 791 77 76 970 361 919 863 772 663 655 627 531 530 351 262 20 191 187 1409 1136 1135 1133 1132 1131 1105 1062 1025
262 361 187 919 532 531 530 863 663 655 627 351 191 1137 1136 1135 1133 1132 1131 1105 1025 1023
1451 352 1325
1113 488 1112
1112 488
905 841 751 801
875 1812 1229
866 459 458 461 457 1606 1605 1597 1083
841 726 459 909 904 70 908 907 906 840 801 762 751 749 461 236 234 233
840 801 236 234 233
801 751 236 234 233 1521 1103 1077
751 458 909 773 525 437 234 233 1522 1521 1312 1116
488 458 579 677 461 516 2144 1291 1116
464 752 157 463 1805 1293
457 459 458 461 1606 1605 1597 1083
335 727 895 336 318 1530 1424 1204 1196 1056
249 239 484 846 845 326 248 1761 1500 1278 1243 1210
248 239 484 846 845 326 1761 1500 1278 1243 1210
234 842 461 236 839 838 837 836 233 232 1987
233 842 461 236 839 838 837 836 232 1987
1812 1229
1606 459 461 1605 1597 1083
1605 459 458 461 1312 1597 1083
1597 459 458 461 1083
1470
1292 1568 1533 1508
1229
1224 576 1014 1047
1083 459 458 461 1043 1042 1041 1226
1077 207 55 739 1789 1613 1177 1316 1052
864 70 863 1278
773 380 582 581 559 557 554 458 527 241 580 729 484 556 675 585 561 560 553 551 50 49 441
714 1963 1740
645 643
643 441
639 458 766 640 638
562 362 582 581 557 458 586 527 526 938 563 615 614 613 561 551 40 161 160 2316 1711 1710 1651 1636 1591 1516 1461 1366 1327 1291 1215 1143 1142
561 459 458 563 484 556 551 1717 1366 1278 1039
560 484 556 618 69 551 1850 1776 1717 1007
559 988 726 586 551 484 382 381 352 351 1730 1326 1325 1210 1136 1135 1013
551 557 554 458 527 563 241 484 556 675 553 558
521 281 579 319
50 49
503 579 501 500 499
501 579 500 499
500 579 499
499 579
49
484 557 554 458 527 752 904 241 675 616 615 556 553 157 1709 1708
236 842 461 839 838 837 836 232 1987
235 839 838 837 836 232
1831 1769
1769
1761 1243
1724 708 1960 1959 1958
1647 2295 1608 1183 1101
1608 2295 1183 1101
1479 389 618 615 1649 1607 1475
1313 582 581 557 554 458 615 1782
1243 846 1500 1242
1183 2295 1101
1100 279 352 1101 1104 1013 1103
1043 613 2368 2367 1389 1325 1091 1042 1041 1039
1042 613 2368 2367 1389 1325 1091 1041 1039
1041 613 2368 2367 1389 1325 1091 1039
380 990 779 580 556 554 458 161 160 1974 1973 1182
893
748 76 747 1146 1057 1018
362 990 563 40 221 1143 1142
221 990 97 96 66 65 40 1191 1070
292 946 796 712 421 290 287 228 190 1728 1727 1641 1362 1337 1329 1158 1152 1151 1071
76 281 77 80 21 727 497 496 493 492 279 220 1377 1288 1239
608 579 677
797 990 65 563 449 421
791 988 795 794 793 792 931 479 352 351
713 1151
662 449 428 427 426 421
616 328 421 423 615
570 569 421 1725 1125
421 1165 1164 1163 1162 1161 1159 1157 1156
288 289 287 286 285 284 283 282
216 97 96 90 65 66 215
157 493 492 768 592 591 590 558 514 513 497 496 490 1931 1930 1616 1538
1656 1036 1655 1528
1655 1036 1528
1528 1036
1165 1162
1164 2221 2220 1256
1163
1162
1161 2337
1159 1661
1157
1156 2204 1757 1661 1336
1155 1154
1154
1153 2310
1152
1151
1149
1071 290 2305 2304 2303
428 449 427 426
427 449 426
426 449
1158 983 712 1362 1337
946
796 990 291 1665 1587 1370 1332 1220 1193 1192 1103 1013
712 361 575 574 573 572 259 258 448 369 1231 1230 1184
290 66 1070 1013
287 286 285 284 283 282 289
228 97 96 65 66 225 210 196 431 430 429 637 227 223 205 1515 1514 1453 1452 1374 1334 1277 1276 1275 1274 1273
190 602 601 600 599 598 597 596 595 592 591 590 2338 189 171
1728
1727 962 961 1835
1641 1642
1337
1329 1330
1263 829
1362
976 65 1192
804 743 627 626 625 1550
743 580 626 1556
627 625 626 617 444 1091
626 625 617 444 1559 1091
625 617 444 1091
497 726 77 728 493 727 729 492 496 1103
496 726 77 728 493 580 727 729 492 451
493 726 77 955 728 876 752 729 727 580 492
492 726 892 891 77 728 580 727 729 846 516 1813 1738
437 554 752 750 55 558 436 1144 1045 1044
291 990 1665 1587 1370 1332 1193 1192 1103 1013
77 281 80 21 727 279 220 1377 1288 1239
2363
1765
1764 1643 1541
1763 987
1762 909 1565 1781 1743 1455 1185 1184
1743 1565 1455 1185 1184
1643 1541
1638 40 1637
1637 40
1591 281 1516 1461 1215
1559 1135
1550 65 66 1131
1541
1455 1565 1781 1185 1184
1192 1193
1184 1185 1137
1144
1137 352
1093 579
727 554 479 175 579 587 574 573 572 259 258 834 585 56 55 160 1537
654 909 934 930 929 928 927 779 242 241 240 239 161 160 1581
602 479 601 600 599 598 597 596 595 592 591 590
579 968 580 187 1811 1738 1539 1537 1497 1476 1411 1331
479 983 795 794 793 792 485 601 600 599 598 597 596 595 592 591 590 574 573 572 478 281 259 258 155 1377 1265
458 783 782 582 581 557 554 376 973 459 942 941 940 587 580 563 556 374 191 1844 1832 1825 1711 1710 1651 1548 1535 1502 1413 1366 1324 1312 1310 1291 1278 1265 1208 1182 1177 1132 1116 1039
374 783 782 909 942 941 940 1546 1502 1413 1307
990 983 1974 1973 1261
1974 1973
1973
983 485 334 328 281
1261
65 97 96 90 75 74 73 950 941 918 917 916 915 914 913 865 760 670 66 21 19 18 574 573 572 525 522 482 312 280 266 259 258 231 227 226 225 223 222 220 219 218 215 214 213 212 210 208 207 206 205 202 196 1899 1898 1696 1695 1669 1626 147 1405 1390 1370 1280 1279 1185 1136 1062
563 582 581 557 938 937 528 40 2316 1711 1636 1366 1327 1291 1143 1142
449
192 481 189 1856 1226
667 95 94 80 446 822 821 820 666 20 2123 2122 2121 2120 1557 1488 1485 1238 1126 1073 1037 1036
446 95 94 575 574 573 572 259 258 80 824 822 821 820 786 666 628 455 20 2123 2122 2121 2120 1557 1488 1487 1486 1485 1268 1267 1254 1251 1238 1126 1073 1037 1036 1017
376 988 726 554 909 749 528 57 2107 2106 2105 2104 2103 2102 1789 1613 1547 1312 1208 1207 1177 1096 1095
336 895 318 1530 1424 1204 1196 1056
191 189 1711 1584
1789 2107 2106 2105 2104 2103 2102 1613 1547 1312 1177
1711 1584
1613 2107 2106 2105 2104 2103 2102 1547 1312 1177
1547 2107 2106 2105 2104 2103 2102 1506 1312 1177
1312 988 726 582 581 557 554 942 941 940 353 350 2107 2106 2105 2104 2103 2102 1717 1519 1207 1177 1096 1095 1082
1177 988 726 554 353 350 2107 2106 2105 2104 2103 2102 1208 1207 1096 1095
779 160 162 161
580 581 187 556 352 159
556 459 775 774 1366 1278 1039
554 988 783 782 726 942 941 940 931 868 442 1309 1302 1301
161 581 160 655 652 162 653
160 581 909 655 653 652 162
1182
909 958 729 677 1796 1039 1014
1143 1465 1086 1142
1142 615 1465 1086
40 540 473 39 32 302 1636 1635 1634 1223 1222
895 334 328 342 341 340 339 338 337 332 319 318
892 891
891
824 454 80 823 453 1713 1701 1037 1036 1035 1034 1033 1032 1031
95 90 94 736 735 666 575 574 573 572 259 258 1945 1355 1073
94 90 75 666 663 1945 1073
318 334 328 342 341 340 339 338 337 332 319 326
171 6 1214
1713 1701 1037 1036
1701 1037 1036
1377 2183 1104
1073 666 1945
97 96 90 75 74 73 66 950 231 227 226 225 223 222 220 219 218 215 214 213 212 210 208 207 206 205 202 196 1899 1898 147
96 90 75 66 950 865 760 574 573 572 522 280 259 258 231 227 226 225 223 222 220 219 218 215 214 213 212 210 208 207 206 205 202 196 1899 1898 1626 147 1370
826 1841
747 1146 1057 1018
722 953 723 721 720 700 698 415 31 303 30 29 279 1875 1874 1873 1341 1212
721 953 723 720 700 698 415 31 303 30 29 28 279 1875 1874 1873 1341 1212
720 361 953 723 700 698 415 31 303 30 29 28 279 1875 1874 1873 1341 1212
66 90 75 950 941 865 760 670 21 19 18 574 573 572 525 522 482 312 280 266 259 258 231 227 226 225 223 222 220 219 218 215 214 213 212 210 208 207 206 205 196 1899 1898 1696 1695 1669 1626 147 1405 1370 1280 1279 1185 1136 1062
31 953 723 700 698 415 30 29 303 279 1875 1874 1873 1341 1212
1841
1809 1670 1333
1804
1670 1333
1548 70 762 2394 1116 1091
1333
1146 1057 1018
1030 673 1029
1029 673
1191 401 406 405 2097
1070
795 988 931 794 793 792 352 351
794 988 931 793 792 352 351
793 988 931 792 352 351
792 988 931 352 351
408 415 84 416 414 413 412 409
683 82 682 1921 1920 1919
682 82 1921 1920 1919
672 84 673 416 414 413 353 350 1948 1947
423 328 615
414 84 673 416 413 353 350 1948 1947
413 84 673 416 353 350 1948 1947
948 947 1283
2405
226
222 786 455 1619 1209
1851 1840
1840
175 972 1506
1722
1506
1193 1013
485 930 486 352 2266 2265 2264 2263 2262 1774 1136
334 328
328
281 874 1318
1665
1587
1370 865 760 1626
1332 1331
1220 1013 1604 1219
1103 1214
1013 1640
973 974 459 1324 1323
931 752 242 529 1490 1019
930 242 929 928 927 241 240 239
927 242 929 928 241 240 239
652 582 581 557 587 1564 1318 1299 1201
617 187 620 619 618 1943 1942 1091
70 934 71 69 21 1581 1226 1086 1040
239 243 242 929 928 241 240
1590 582 581 557
1516 1461 1215
1461 1215
1424
1423 1421
1422
1421
1366 459 527 526 908 907 762 1040 1278 1227 1039
1326 988 726 1325 1382
1325 988 726
1324 974 459 1529 1323
1323 974
1215 1218 1217
1136 351 352 382 381 1730 1210 1135
1091 187 618 620 619 1943 1942
454 825 540 453 452 1573 1572 1571 1115 1075
453 825 540 452 1573 1572 1571 1115 1075
1543
1218 1217
189
397 825 819 540 452 396 395 1806 1575 1574 1573 1572 1571 1365 1115 1075
396 825 819 452 395 1806 1575 1574 1573 1572 1571 1365 1115 1075
1806
21 75 74 73 71 69 12 1876
361 970 1105
267 921 2114 2113 2112 2111 2110
1280 1279
1279
1278 459 527 526 908 907 762 1040 1039
823 825 1035 1034 1033 1032 1031
1035 825 1034 1033 1032 1031
1034 825 1033 1032 1031
1033 825 1032 1031
1032 825 1031
1031 825
825 819 452 395 1575 1574 1573 1572 1571 1365 1115 1075
819 816 452 395 1575 1574 1573 1572 1571 1365 1115 1075
540 700 698 415 303 279 697 30
452 395 1575 1574 1573 1572 1571 1365 1115 1075
395 1575 1574 1573 1572 1571 1365 1115 1075
1575 1574 1573 1572 1571 1365 1115 1075
1574 1573 1572 1571 1365 1115 1075
1573 1572 1571 1365 1115 1075
1572 1571 1365 1115 1075
1571 1365 1115 1075
1365 1115 1075
1115 1075
1075
988 986 783 782 726 582 581 557 1490 1382 1174 1019
782 783 942 941 940 781 739 738 726 582 581 557 387 1589 1546 1490 1474 1406 1316 1141 1133 1132 1117 1085 1025 1019
726 783 750 587 586 582 581 557 1674 1673 1654 1653 1566 1490 1412 1019
582 926 749 587 581 557 352 351 240 1719 1667 1569 1327 1024
1116 587 1291
1039 459 527 526 908 907 762 1040
770 677 769 709
769 677 709
709 677
194 75 1482
1483
1482 75
558 56
1650
1457 1456
1456
1367
986 987
783 942 941 940 781 1546 1406 1085
581 926 749 557 352 351 240 1719 1667 1569 1327 1024
557 926 749 527 526 352 351 242 240 1719 1667 1569 1327 1024
1490 941 441 1019
1382
1174
1019 941 441
987 963 1580 1500 1252 1242
738 739 655 388 387 1674 1673 1566 1531 1412 1316 1141 1133 1132 1117 1025
655 739 388 387 1531 1316 1141 1133 1132 1117 1025
614 526 615 613 490 1465 1464 1314
351 752 382 381 352 1730 1327 1210 1135
159 1092 1011
1667 1306 1024
1532
1327 352 1569
1133 739 387 388 1531 1316 1141 1132 1117 1025
1132 739 387 768 388 1531 1316 1141 1117 1025
677 729 676 576 1853 1845 1839 1738 1685 1454 1232
1604 1219
1219
352 382 381 57 1799 1730 1687 1588 1210 1135
942 941 940 939 587 527 526 1502 1415 1413 1363 1308
941 940 939 1502 1415 1413 1363 1308
940 939 752 1502 1415 1413 1363 1308
781 785 784
1546
1406 441 1085
1085
739 753 388 387 1531 1316 1141 1117 1076 1025
387 768 388 1531 1316 1141 1117 1025
1589
1474
1316 753 388 1531 1141 1117 1076 1025
1141 388 1531 1117 1025
1117 587 388 1531 1025
1025 750 388 1531
525 752 750 749 753 528 524 440
750 929 57 2053 1425 1026 1024 1023 1022
587
586 955 728
1674 1673 1566 1412
1673 1566 1412
1654 1653
1653
1566 1412
1412
926 242 2321 1079 1078
749 1675 1519 1310 1082 1076
240 243 242 929 928 241
1719 855 1780
1569
1024 1306
382 381 1730 1210 1135
381 1730 1210 1135
1730 1210 1135
1210 1135
1135
527 459 904 615 526 1221
526 459 615 613 1221
242 929 928 925 56 241
868
442 436 1302 1208 1045 1044
1309 615
1302 1301
1301
938 937 934 904 1581 1096
876 878 877
56 55 863 51 1843 1310 1082
55 878 877 863 51 1843 1310 1082
553
51 57
441 490 436 1315 1314 1094 1045 1044
1319 1428 1427 1426
1318 1299 1201
1317
1315 904 1314 1096 1095 1094
1314 904 613 1581 1096 1095 1094
1310
1308 939 1415 1363
1299 1201
1201
1094 904 1096 1095
1072 57 1618
777 776 766 1617
774 775
765 764 1829 1404 1328 1281 1235 1234
618 187 619 1480
463
187
1328 764 834 1829 1404 1281 1235 1234
1092 752 1687 1682
925 2187
843 1794 1793 1712
534 533
533
516 1616
436 444 440 1046 1045 1044
30 723 700 415 303 279 1721 1720 1341 1212
1796 1781
1795 2386
1794 1793 1712
1793 1712
1712
1651 615 1208 1710
1539
1478
1477
1475 389 1649 1607
1244
1084
1045 444 440 1046 1044
1044 444 440 1046
1023 1022
1022 904 57
680
544 584 583 2054
528 243 1533
1476
674 675
57
2107 2106 2105 2104 2103 2102
2106 2105 2104 2103 2102
2105 2104 2103 2102
2104 2103 2102
2103 2102
2102
1208 1832 1710
1207 1096
1096 904 1095
1095 904 1181
929 928 241
928 241
675
613 615 490 1465 1464
490 615 1682
241
1568 1533 1508
1533 1508
1508
1081 1080
1014 2162 1549 1540 1271
776 766 487 1617
459 908 907 762 1040
444 752 1046
71 69 1086
69 1086
1090 1089 1088 1087
1089 1088 1087
1088 1087
1087
1086 1503
1082 1079 1076
1080
1079 2321 1078
1078 2321
1064
1046
1010 1009 1007 1011 1008
1771 2362
1558
780 162
676 575 574 573 572 259 258 576 1407
612 342 341 340 339 338 337 1941 1940 1939
576 575 574 573 572 259 258 571 1687 1407
575 922 736 735 574 573 572 571 259 258 1407 1306 1304 1250
451 450 1617
432 433 1577 1576 1489 1472 1471 1376 1120
416 84 673 353
370 369 367 364 1912
339 342 341 340 338 337 1941 1940 1939
338 342 341 340 337 1941 1940 1939
337 342 341 340 1941 1940 1939
294 1336 1335
259 922 574 573 572 736 735 571 258 1306 1304 1250
227 225 210 196 431 430 429 637 223 205 1453 1452 1334 1277 1276 1275 1274 1273
210 225 637 431 430 429 223 205 196 1453 1452 1334 1277 1276 1275 1274 1273
196 225 637 431 430 429 223 205 1453 1452 1334 1277 1276 1275 1274 1273
1803 448 2159 2158 2157 1734 1567
1802
1734 448 2159 2158 2157 1567
1661 2204 1757 1336
1576 433 2210 1577 1489 1472 1471 1376
1567 2159 2158 2157
1489 433 2210 1577 1472 1471 1376
1472 433 1577 1376 1471
1471 433 1577 1376
1336 2204 1757 1335
1335
1052 207
908 907 762
907 762
839 838 837 836 232
838 837 836 232
837 836 232
836 232
762 389 1649 1607
604
389 1649 1607
388 1531
243 958 611
232
1649 1607
1648 1181 1026
1607
1549 2162 1540
1540 2162
1531
1465 2333 2332
1464 936 2184 1501 1389
1351 2059 1706 1705 1704 1684 1354 1353 1352 1417 1350 1349 1348 1069 1051
1350 2059 1706 1705 1704 1684 1354 1353 1352 1417 1349 1348 1069 1051
1181 1026
1101 2295
1040 934 904 936 935 1581
1026
955 728 2261
753 766 1785 1784 1578
728 2261
648 885 647 2003 1646 1645 1644 1585 1386 1380 1348 1198 1197 1195
412 1466
1858
1855
1805
1773
1683 1682
1682
1564 1565
1466
1425 2053
1386
1195 885 2003 1198 1197 1348
729
1387
1269 1209
1232 873
768 1047
162
1616 514 513 1931 1930
1609 2291 1584
1596
1519
1417 1354 1353 1352 1349 1348
1348 529 1354 1353 1352 1349
1291 1798 1786 1718 1408 1290
1250 574 573 572 258 736 735 1364
289 286 285 284 283 282
286 285 284 283 282
285 284 283 282
284 283 282
283 282
282
1848
1781 1565
1738 1752
1736 1737 1518
1565 845 326 2089 2087 2088
1556
372 1833 1481 1360
936 934 2184 1581 1501 1389
934 937 935 904 1581
906
775
708 1960 1959 1958
615 1710
1535
1534
1501 2184 1389
1389 2184
1342 2156
963 964 918 917 916 915 914 913 548 546 545 481 317 1633 1582 1203
1580
1500
1252
1242
964 918 917 916 915 914 913 548 547 546 545 481 317 1810 1633 1582 1203
918 966 917 916 915 914 913 482
917 966 916 915 914 913 482
916 966 915 914 913 482
915 966 914 913 482
914 966 913 482
913 966 482
548 547 546 545 481 317 1779 1760 1686 1633 1582 1203
546 547 545 481 317 1779 1760 1686 1633 1582 1203
545 547 481 317 1633 1582 1203
481 547 480 317 1633 1582 1203
317 522 315 1700 1633 1582 1203
1633 1582 1203
1582 1203
1203
1931 1930
1930
1618
1038
977 1645 1644
1581 937 904 935
1628
1235 764 1829 1404 1281 1234 1047
1018 1057
863 1843
517
1843
646
641
342 341 340 1941 1940 1939
341 340 1941 1940 1939
340 1941 1940 1939
486 2266 2265 2264 2263 2262 1774
2266 2265 2264 2263 2262 1774
2265 2264 2263 2262 1774
2264 2263 2262 1774
2263 2262 1774
2262 1774
1774
601 600 599 598 597 596 595 592 591 590
600 599 598 597 596 595 592 591 590
599 598 597 596 595 592 591 590
598 597 596 595 592 591 590
597 596 595 592 591 590
596 595 592 591 590
595 592 591 590
592 591 590
591 590
590
574 922 736 573 572 571 258 1306 1304
573 922 736 735 572 571 258 1306 1304
572 922 736 735 571 258 1306 1304
478
258 922 736 571 1306 1304
155 2128 2127 2126
1265
874
80 900 2334 1772 1697 1300 1268 1267 1254 1251 1037 1036 1017
279 953 723 700 698 415 303 29 28 1875 1874 1873 1341 1212
220 1239
1288 1928 1927 1926 1925
1239
900 899 898 2320
473 39 32
39 32
1345 944 1929 1837 1690 1223 1222
1036 822 820 1557 1238 1037 1697 1300 1268 1267 1254 1251 1017
778 1373 1371
700 953 723 698 415 303 29 28 1875 1874 1873 1341 1212
698 953 723 415 303 1875 1874 1873 1341 1212 1068
697 1964
696 815 814 813 812 811 810 809 808 695 690 687 1978 1977 1976 1975 1130 1129 1128 1127
695 815 814 813 812 811 810 809 808 690 687 1978 1977 1976 1975 1130 1129 1128 1127
690 815 814 813 812 811 810 809 808 687 1978 1977 1976 1975 1130 1129 1128 1127
689 319 688 2228 2227 1595 1507
688 319 2228 2227 1595 1507 1223 1222
687 815 814 813 812 811 810 809 808 1978 1977 1976 1975 1130 1129 1128 1127
685
415 953 723 303 29 28 1875 1874 1873 1721 1720 1341 1212
303 953 723 311 310 309 308 307 1875 1874 1873 1341 1212
82 1921 1920 1919
1376 433 2210 1577
1375 1790
1374 1515 1514
1373 1371
1371
1361 1893 1892 1891 1890 1889
1254 822 820 400 1557 1268 1267 1251 1017
1238 822 821 820 2123 2122 2121 2120 1557 1037
1118
1262
1259 1194
1258 1355
1256 2221 2220
1251 822 820 400 1557 1268 1267 1017
1017 822 820 400 1557 1268 1267
407 401 400 398
1627
1560 1206 1907 1906 1563 1561 1517 1330 1205
1378
1330 1907 1906 1563 1561 1517 1205
766 640 1617
734
679 1949
673 29 353 350 1028
657
1598 1778
1234 764 1829 1404 1281 1047
1047 767 764
319 2228 2227 1595 1507
90 215
75 20 19 18 14 13 12
74 73
73
950 949 1899 1898 1715 1714 1698 1505 1272
231 1209
225 637 431 429 223 205 1453 1452 1334 1277 1276 1275 1274 1273
223 431 430 429 637 205 1453 1452 1334 1277 1276 1275 1274 1273
219
218 147
215
214 213 212
213 212
212
208 482 760 759 758 1189 1188 1186
207 966 206
206 966
205 431 430 429 637 184 183 1453 1452 1334 1277 1276 1275 1274 1273
202
1899 1898
1898
147 1510 1509 146
865 760 1626
760 1626 1189 1188 1186
522 315 1905 1700
280 2317 1356
1626
1645 1644
1644
20 12 1119
19 18 14 13 12
18 12
14 13 12
13 12
12
974
972
970
969 968
968
967 2234 2233
845 326 1293
842
180 1888 1887
1570
670
482 480 1189 1188 1186
312 1390
266
1696 1969 1480
1695 1669
1669
1405
1390
1185
1062 772 2188 1409
772 771 2188 1409
311 310 309 308 307
310 309 308 307
309 308 307
308 307
307
306
304
302 1837
272 271
271
269
1510 1509 146
1509 146
146
1409 2188
885 886 2003 1198 1197
1199 736 735
1198 1755 2003 1197
1197 2003
448 369 1230
1196 2068 2067 1530 1204 1056
1056 2068 2067 1530 1204
1847
1846
1340
1338 2277
1545
1502 1413
1413
1844 1825
1832
1825
1710
723 953 29 28 1875 1874 1873 1341 1212
637 1277 1276 1275 1274 1273
431 430 429 1453 1452 1334
430 429 1453 1452 1334
429 1453 1452 1334
1453 1452 1334
1452 1334
1334
1277 1276 1275 1274 1273
1276 1275 1274 1273
1275 1274 1273
1274 1273
1273
1592
1105
919 532 531 530
663 2186 2185
531 532 530
530 532
1131
1811 1497 1411
1537
1497 1411
1411
1331
2234 2233
2233
966 1211
1211 2048 1732
1972
1672 1671
1671
547 1686
1810
1779 1760 1686
1760 1686
1686 1685
480
315 1905 1700
1700 1905
962 961 960 1835
961 960 1835
960 1680
1835
1680
736 735
735
666 628 1488 1487 1486 1126
1945
1355
1791 1801 1792
959
958
611
923 924
1706 2059 1705 1704 1684 1354 1353 1352 1349 1069 1051
1705 2059 1704 1684 1354 1353 1352 1349 1069 1051
1704 2059 1684 1354 1353 1352 1349 1069 1051
1684 2059 1354 1353 1352 1349 1069 1051
1354 2059 1353 1352 1349 1069 1051
1353 2059 1352 1349 1069 1051
1352 2059 1349 1069 1051
1349 2059 1069 1051
1069 2059 1051
1051 2059
326
1732
1104 2183
2261
1538
1536
1419
752 1808
953 951 1875 1874 1873 1341 1212
951 952 871
1875 1874 1873 1341 1212
1874 1873 1341 1212
1873 1341 1212
1341 1212 1068
1212 1068
952 873 872 871 870 1886 1885 1625
871 873 872 870 869 1886 1885 1114
29
28 1872
24
1068
1721 1720
1720
873 872 870 869 1886 1885
872 870 869 1886 1885
870 869 1886 1885
1886 1885
1885
1625
869 1992
1114
949 1715 1714 1698 1505 1272
1715 1714 1698 1505 1272
1714 1698 1505 1272
1698 1505 1272
1505 1272
1272
947
1283
943 944
1679 2426
1614
944 1929 1690
569 1935 1934 1933 1725
1725 1935 1934 1933
1125
1929
1690
939 1415 1363
1415 1363
1363
1594 1593
1593
904 937
1221
1307
1808
937
935 2400 1076
2316 1636
1636
855 1780
1780
1664
1542 461 1824 1140
1140 461 1824
2184
2400
1076
1226 1227
461 1824 1503
1852
1829 764 1404 1281
1740 1963
1632 2235
1621 1741
1414
1293 1480
1227
1290
767
764 1404 1281
1776 1850 1011 1007
1717
86 1944
2338
1420
1049 1048
1048
899 898 2320
898 2320
894
1723
1522
1145
2277
1833 1481
1481
529
1480
1652
1496 1495
1495
1494 2240 2239 2238 2237 1493 1492
1493 2240 2239 2238 2237 1492
1492 2240 2239 2238 2237
671 1946
1857 1849 1842 1836
1849 1842 1836
1842 1836
1836
1271
1385 2180
2053
332 1622 1586 1237
1622 1586 1237
1620 1741
1586 1237
1237
2321
2187
924 2382
2382
922
571
1407
1306
1304
921 2114 2113 2112 2111 2110
2114 2113 2112 2111 2110
2113 2112 2111 2110
2112 2111 2110
2111 2110
2110
1404 846 1281
1281
846 834
1830 1663 1176 1175
1663 1176 1175
1176 1175
1175
532
1189 759 758 1188 1186
1188 759 758 1186
1186 759 758
1737 1518
1518
1057
1584 2291
628 1488 1487 1486 1126
1488 1487 1486 1126
1487 1486 1126
1486 1126
1485
1126
1347
1735 1739
834
585
6
1214
880 2000 1999 1998 1997 1996 1995 1994 1993 1823 1822 1821 1820 1814 1410 1357 1053
1823 2000 1999 1998 1997 1996 1995 1994 1993 1822 1821 1820 1814 1410 1357 1053
1822 2000 1999 1998 1997 1996 1995 1994 1993 1821 1820 1814 1410 1357 1053
1821 2000 1999 1998 1997 1996 1995 1994 1993 1820 1814 1410 1357 1053
1820 2000 1999 1998 1997 1996 1995 1994 1993 1814 1410 1357 1053
1819 1818 1817 1729 1520
1818 1817 1729 1520
1817 1729 1520
1814 2000 1999 1998 1997 1996 1995 1994 1993 1410 1357 1053
1729 1520
1520
1410 2000 1999 1998 1997 1996 1995 1994 1993 1357 1053
1357 2000 1999 1998 1997 1996 1995 1994 1993 1053
1053 2000 1999 1998 1997 1996 1995 1994 1993
1521
1853 1845
1845
1839 1454
1685
1454
653
1709 1708
1708
902 1834 1797 1668 1346 1284 1228
1834 1797 1668 1346 1284 1228
1797 1668 1346 1284 1228
1668 1346 1284 1228
1346 1284 1228
1284 1228
1228
1757 2204 1759 1758
1194
901
2320
2334 1772
1772 605
1697 1037 1300
1300 399 1037
1268 822 820 400 1557 1267
1267 822 820 400 1557
1037 822 820 1557
84 353
1941 1940 1939
1940 1939
1939
1530 2068 2067 1204
1204 2068 2067
1379
2228 2227
2227
1595 1507
1507
605
1813
1011 1009 1007 1008
1360
887 1294
1294
886 2313 1755
2313 1755
1755
2003
647 1646 1585 1380
1646 1585 1380
1585 1380
1380
2002 2001
2001
2000 1999 1998 1997 1996 1995 1994 1993
1999 1998 1997 1996 1995 1994 1993
1998 1997 1996 1995 1994 1993
1997 1996 1995 1994 1993
1996 1995 1994 1993
1995 1994 1993
1994 1993
1993
878 877
877
2222
2241
1515 1514
1514
1992
32
1944
1824
1503
1716
816 822 821 820 818 401 400 1122
1122 822 821 820 401 818 400
364 369
1778
1343
353 350
1987
1675
60
2257
830 829
829
584 583 2054
583 2054
2054
2029 2028
2028
1921 1920 1919
1920 1919
1919
822 821 820 401 2123 2122 2121 2120 1557
821 820 401 2123 2122 2121 2120 1557
820 401 2123 2122 2121 2120 1557
2123 2122 2121 2120 1557
2122 2121 2120 1557
2121 2120 1557
2120 1557
1557 401
786 455
455
401 678 406 405 400 399 398 1190
818 1579 1287 1121
400 678 406 405 399 398 1190
678 406 405 399
406 405 398 1190
405 398 1190
399 398 1190
398
1190
1579 1287 1121
1287 1121
1121
815 814 813 812 811 810 809 808 1130 1129 1128 1127
814 813 812 811 810 809 808 1130 1129 1128 1127
813 812 811 810 809 808 1130 1129 1128 1127
812 811 810 809 808 1130 1129 1128 1127
811 810 809 808 1130 1129 1128 1127
810 809 808 1130 1129 1128 1127
809 808 1130 1129 1128 1127
808 1130 1129 1128 1127
1130 1978 1977 1976 1975 1129 1128 1127
1129 1978 1977 1976 1975 1128 1127
1128 1978 1977 1976 1975 1127
1127 1978 1977 1976 1975
1978 1977 1976 1975
1977 1976 1975
1976 1975
1975
1777 2101
799 2116 2115
2116 2115
2115
1799 1588
1687
1588
1223 1344 1924 1222
1222 1344 1924
1209 2135 2134
1619
785 784 2045
784 2045
2045
1617
487
640 638
1850 1009 1007
1007 1009 1008
771 1968
2188
1968
1876
514 513
513
1785 1784 1578
1784 1578
1578
638
1826
1660
1659
759 758
758
184 1416 183 1800
183 1416 1800
524
440 1917 1916 1915 1914 1913
1119
2144
732 1911 1910
1911 1910
1910
589
355
1783
1872
1963
369 367 1912
1231 1180 1179 1178
1230 2244
367
1912
2270 2269
2269
1960 1959 1958
1959 1958
1958
1703
1792
1964
1635 1634
1634
1949
350
1028
1948 1947
1947
1946
2186 2185
2185
433 1577 1120
425 424
424
1120
1577 2210
1838
1491
2136
620 619
619
1943 1942
1942
1742
1935 1934 1933
1934 1933
1933
1917 1916 1915 1914 1913
1916 1915 1914 1913
1915 1914 1913
1914 1913
1913
1905
2128 2127 2126
2127 2126
2126
450
1856
1837
409
2317
1356
2426
2420
2394
2386
2385 1640
1640
2381
2368 2367
2367
2362
2361 2360 1060
2360 1060
1060
2337
2333 2332
2332
2326
2312
2310
2305 2304 2303
2304 2303
2303
2295
2292
2291
2278 1344
1344
2258 1562
1562 1563
1563 1907 1906 1561 1517 1205
2256 1206
1206 1561 1517 1205
1561 1907 1906 1517 1205
1517 1907 1906 1205
1205 1907 1906
2244
2240 2239 2238 2237
2239 2238 2237
2238 2237
2237
2236 1739
1739
2235
2232
2221 2220
2220
2210
2204
1759 1758
1758
2201
2197 1416
1416
2183
2180
2162
2159 2158 2157
2158 2157
2157
2156
2135 2134
2134
2101
2097
1800
2090
1124
2089 2087
2087 2088
2088
2068 2067
2067
2059
2048
1991 1990 1989 1098
1990 1989 1098
1989 1098
1098 1676
1676
1969
1928 1927 1926 1925
1927 1926 1925
1926 1925
1925
1924
1907 1906
1906
1893 1892 1891 1890 1889
1892 1891 1890 1889
1891 1890 1889
1890 1889
1889
1888 1887
1887
1009 1008
1008
1801
1798 1786 1718 1408
1786 1718 1408
1718 1408
1408
1790
1788 1787 1766 1246 1245 1061
1787 1766 1246 1245 1061
1766 1246 1245 1061
1246 1245 1061
1245 1061
1061
1782
1752
1741
1733 1726
1726
1642
1555 1358
1358
1285
1217
1529
1513
1484
1428 1427 1426
1427 1426
1426
1364
1180 1179 1178
1179 1178
1178
1111
1063

